2.337500000000000000e+04
2.249400000000000000e+04
2.197800000000000000e+04
2.332500000000000000e+04
2.357100000000000000e+04
2.352100000000000000e+04
2.509000000000000000e+03
2.301900000000000000e+04
2.323900000000000000e+04
2.322700000000000000e+04
2.281100000000000000e+04
2.342300000000000000e+04
2.356800000000000000e+04
2.183700000000000000e+04
2.191100000000000000e+04
2.201400000000000000e+04
2.180700000000000000e+04
2.188100000000000000e+04
2.234700000000000000e+04
2.187000000000000000e+04
2.180400000000000000e+04
2.303100000000000000e+04
2.283200000000000000e+04
2.306100000000000000e+04
2.390900000000000000e+04
2.288800000000000000e+04
2.215400000000000000e+04
2.198000000000000000e+04
2.591000000000000000e+03
2.322800000000000000e+04
2.599000000000000000e+03
2.287700000000000000e+04
2.205500000000000000e+04
2.516000000000000000e+03
2.347800000000000000e+04
2.458000000000000000e+03
2.323600000000000000e+04
2.560000000000000000e+03
2.328800000000000000e+04
2.310800000000000000e+04
2.351200000000000000e+04
2.621000000000000000e+03
2.315400000000000000e+04
2.179800000000000000e+04
2.276200000000000000e+04
2.270500000000000000e+04
2.238300000000000000e+04
2.445000000000000000e+03
2.365500000000000000e+04
2.344000000000000000e+04
2.346300000000000000e+04
2.586000000000000000e+03
2.337100000000000000e+04
2.206000000000000000e+04
2.384100000000000000e+04
2.244500000000000000e+04
2.333000000000000000e+04
2.249200000000000000e+04
2.297200000000000000e+04
2.362200000000000000e+04
2.243000000000000000e+04
2.323100000000000000e+04
2.275900000000000000e+04
2.265500000000000000e+04
2.293000000000000000e+04
2.214400000000000000e+04
2.351900000000000000e+04
2.271900000000000000e+04
2.346400000000000000e+04
2.353600000000000000e+04
2.241200000000000000e+04
2.396100000000000000e+04
2.294500000000000000e+04
2.308200000000000000e+04
2.384700000000000000e+04
2.222500000000000000e+04
2.384900000000000000e+04
2.247200000000000000e+04
2.227600000000000000e+04
2.453000000000000000e+03
2.382500000000000000e+04
2.538000000000000000e+03
2.299400000000000000e+04
2.382600000000000000e+04
2.213300000000000000e+04
2.270000000000000000e+04
2.248400000000000000e+04
2.603000000000000000e+03
2.388800000000000000e+04
2.229400000000000000e+04
2.192800000000000000e+04
2.207900000000000000e+04
2.295500000000000000e+04
2.201800000000000000e+04
2.374100000000000000e+04
2.612000000000000000e+03
2.329500000000000000e+04
2.390800000000000000e+04
2.308000000000000000e+04
2.293400000000000000e+04
2.630000000000000000e+03
2.300200000000000000e+04
2.210000000000000000e+04
2.362000000000000000e+04
2.263200000000000000e+04
2.339400000000000000e+04
2.183800000000000000e+04
2.315000000000000000e+04
2.371700000000000000e+04
2.312700000000000000e+04
2.230200000000000000e+04
2.256900000000000000e+04
2.206600000000000000e+04
2.266400000000000000e+04
2.393900000000000000e+04
2.377900000000000000e+04
2.214700000000000000e+04
2.188600000000000000e+04
2.328400000000000000e+04
2.340400000000000000e+04
2.234600000000000000e+04
2.254100000000000000e+04
2.386600000000000000e+04
2.307600000000000000e+04
2.239500000000000000e+04
2.385600000000000000e+04
2.197200000000000000e+04
2.236800000000000000e+04
2.365800000000000000e+04
2.269100000000000000e+04
2.190800000000000000e+04
2.283800000000000000e+04
2.330200000000000000e+04
2.265200000000000000e+04
2.268700000000000000e+04
2.337000000000000000e+04
2.229000000000000000e+04
2.189800000000000000e+04
2.332600000000000000e+04
2.507000000000000000e+03
2.334900000000000000e+04
2.279900000000000000e+04
2.300800000000000000e+04
2.294100000000000000e+04
2.297900000000000000e+04
2.200200000000000000e+04
2.174000000000000000e+04
2.651000000000000000e+03
2.349400000000000000e+04
2.518000000000000000e+03
2.303400000000000000e+04
2.463000000000000000e+03
2.486000000000000000e+03
2.185800000000000000e+04
2.299600000000000000e+04
2.216600000000000000e+04
2.282900000000000000e+04
2.361800000000000000e+04
2.314300000000000000e+04
2.262500000000000000e+04
2.179100000000000000e+04
2.367900000000000000e+04
2.192400000000000000e+04
2.233100000000000000e+04
2.254900000000000000e+04
2.322400000000000000e+04
2.362300000000000000e+04
2.207700000000000000e+04
2.229500000000000000e+04
2.227500000000000000e+04
2.197300000000000000e+04
2.316600000000000000e+04
2.351600000000000000e+04
2.336500000000000000e+04
2.199000000000000000e+04
2.296300000000000000e+04
2.333300000000000000e+04
2.236400000000000000e+04
2.208000000000000000e+04
2.396200000000000000e+04
2.584000000000000000e+03
2.341500000000000000e+04
2.231800000000000000e+04
2.345600000000000000e+04
2.325900000000000000e+04
2.252100000000000000e+04
2.290900000000000000e+04
2.177000000000000000e+04
2.186700000000000000e+04
2.265800000000000000e+04
2.287000000000000000e+04
2.334500000000000000e+04
2.306400000000000000e+04
2.374700000000000000e+04
2.360700000000000000e+04
2.659000000000000000e+03
2.532000000000000000e+03
2.313800000000000000e+04
2.295200000000000000e+04
2.242900000000000000e+04
2.249700000000000000e+04
2.274100000000000000e+04
2.378700000000000000e+04
2.226700000000000000e+04
2.203600000000000000e+04
2.251400000000000000e+04
2.310200000000000000e+04
2.199200000000000000e+04
2.228700000000000000e+04
2.239900000000000000e+04
2.369600000000000000e+04
2.303700000000000000e+04
2.282600000000000000e+04
2.307000000000000000e+04
2.269400000000000000e+04
2.223900000000000000e+04
2.293600000000000000e+04
2.294700000000000000e+04
2.348800000000000000e+04
2.268500000000000000e+04
2.393600000000000000e+04
2.476000000000000000e+03
2.307700000000000000e+04
2.231600000000000000e+04
2.353300000000000000e+04
2.271500000000000000e+04
2.328500000000000000e+04
2.188300000000000000e+04
2.332200000000000000e+04
2.337400000000000000e+04
2.358900000000000000e+04
2.380800000000000000e+04
2.555000000000000000e+03
2.277500000000000000e+04
2.245100000000000000e+04
2.204300000000000000e+04
2.341700000000000000e+04
2.318000000000000000e+04
2.290100000000000000e+04
2.279800000000000000e+04
2.637000000000000000e+03
2.380900000000000000e+04
2.211000000000000000e+04
2.360500000000000000e+04
2.219000000000000000e+04
2.308500000000000000e+04
2.287600000000000000e+04
2.485000000000000000e+03
2.223200000000000000e+04
2.301700000000000000e+04
2.181200000000000000e+04
2.334400000000000000e+04
2.185100000000000000e+04
2.179900000000000000e+04
2.569000000000000000e+03
2.248200000000000000e+04
2.188200000000000000e+04
2.377600000000000000e+04
2.263500000000000000e+04
2.194400000000000000e+04
2.201100000000000000e+04
2.341800000000000000e+04
2.212400000000000000e+04
2.268900000000000000e+04
2.260300000000000000e+04
2.339300000000000000e+04
2.238200000000000000e+04
2.321900000000000000e+04
2.267000000000000000e+04
2.240500000000000000e+04
2.319000000000000000e+04
2.238800000000000000e+04
2.285400000000000000e+04
2.521000000000000000e+03
2.180800000000000000e+04
2.347900000000000000e+04
2.329600000000000000e+04
2.362500000000000000e+04
2.244900000000000000e+04
2.360600000000000000e+04
2.346800000000000000e+04
2.214600000000000000e+04
2.224300000000000000e+04
2.366400000000000000e+04
2.227000000000000000e+04
2.460000000000000000e+03
2.205300000000000000e+04
2.202200000000000000e+04
2.349300000000000000e+04
2.241000000000000000e+04
2.322500000000000000e+04
2.185900000000000000e+04
2.296500000000000000e+04
2.270700000000000000e+04
2.305100000000000000e+04
2.600000000000000000e+03
2.249800000000000000e+04
2.350200000000000000e+04
2.174900000000000000e+04
2.244000000000000000e+04
2.488000000000000000e+03
2.473000000000000000e+03
2.654000000000000000e+03
2.323000000000000000e+04
2.210900000000000000e+04
2.304800000000000000e+04
2.304100000000000000e+04
2.378300000000000000e+04
2.388700000000000000e+04
2.328300000000000000e+04
2.322200000000000000e+04
2.272200000000000000e+04
2.222000000000000000e+04
2.331600000000000000e+04
2.196300000000000000e+04
2.333600000000000000e+04
2.237100000000000000e+04
2.220100000000000000e+04
2.221900000000000000e+04
2.356600000000000000e+04
2.392200000000000000e+04
2.205400000000000000e+04
2.304400000000000000e+04
2.317300000000000000e+04
2.342400000000000000e+04
2.351800000000000000e+04
2.548000000000000000e+03
2.176700000000000000e+04
2.437000000000000000e+03
2.209100000000000000e+04
2.382000000000000000e+04
2.280300000000000000e+04
2.232500000000000000e+04
2.234300000000000000e+04
2.243600000000000000e+04
2.305900000000000000e+04
2.447000000000000000e+03
2.381900000000000000e+04
2.343200000000000000e+04
2.313000000000000000e+04
2.202400000000000000e+04
2.299000000000000000e+04
2.218700000000000000e+04
2.252400000000000000e+04
2.579000000000000000e+03
2.217900000000000000e+04
2.348600000000000000e+04
2.183300000000000000e+04
2.346700000000000000e+04
2.375700000000000000e+04
2.209700000000000000e+04
2.281800000000000000e+04
2.311600000000000000e+04
2.278200000000000000e+04
2.336900000000000000e+04
2.215000000000000000e+04
2.223700000000000000e+04
2.181300000000000000e+04
2.306300000000000000e+04
2.320400000000000000e+04
2.376900000000000000e+04
2.384200000000000000e+04
2.247100000000000000e+04
2.297700000000000000e+04
2.392000000000000000e+04
2.524000000000000000e+03
2.290700000000000000e+04
2.200500000000000000e+04
2.253100000000000000e+04
2.309200000000000000e+04
2.201200000000000000e+04
2.260400000000000000e+04
2.275100000000000000e+04
2.324900000000000000e+04
2.388200000000000000e+04
2.543000000000000000e+03
2.363900000000000000e+04
2.313900000000000000e+04
2.259900000000000000e+04
2.323800000000000000e+04
2.264900000000000000e+04
2.342100000000000000e+04
2.177800000000000000e+04
2.269800000000000000e+04
2.239400000000000000e+04
2.293700000000000000e+04
2.292100000000000000e+04
2.217800000000000000e+04
2.175900000000000000e+04
2.358600000000000000e+04
2.184700000000000000e+04
2.250000000000000000e+04
2.208300000000000000e+04
2.244600000000000000e+04
2.387800000000000000e+04
2.305300000000000000e+04
2.238400000000000000e+04
2.312100000000000000e+04
2.228400000000000000e+04
2.194800000000000000e+04
2.350000000000000000e+04
2.229600000000000000e+04
2.390500000000000000e+04
2.283700000000000000e+04
2.334800000000000000e+04
2.385900000000000000e+04
2.355000000000000000e+04
2.309100000000000000e+04
2.348900000000000000e+04
2.367100000000000000e+04
2.179400000000000000e+04
2.220700000000000000e+04
2.184000000000000000e+04
2.247700000000000000e+04
2.316500000000000000e+04
2.242400000000000000e+04
2.214000000000000000e+04
2.248900000000000000e+04
2.318400000000000000e+04
2.222200000000000000e+04
2.316900000000000000e+04
2.332800000000000000e+04
2.329400000000000000e+04
2.189400000000000000e+04
2.188800000000000000e+04
2.292900000000000000e+04
2.264600000000000000e+04
2.181600000000000000e+04
2.306600000000000000e+04
2.356300000000000000e+04
2.335700000000000000e+04
2.465000000000000000e+03
2.205800000000000000e+04
2.391700000000000000e+04
2.249500000000000000e+04
2.200700000000000000e+04
2.297400000000000000e+04
2.368900000000000000e+04
2.545000000000000000e+03
2.215900000000000000e+04
2.275600000000000000e+04
2.279400000000000000e+04
2.238600000000000000e+04
2.394300000000000000e+04
2.258800000000000000e+04
2.333100000000000000e+04
2.343500000000000000e+04
2.375200000000000000e+04
2.380100000000000000e+04
2.227900000000000000e+04
2.201000000000000000e+04
2.382400000000000000e+04
2.556000000000000000e+03
2.219500000000000000e+04
2.203800000000000000e+04
2.225300000000000000e+04
2.343800000000000000e+04
2.280700000000000000e+04
2.310500000000000000e+04
2.186600000000000000e+04
2.387000000000000000e+04
2.373100000000000000e+04
2.277600000000000000e+04
2.298700000000000000e+04
2.243300000000000000e+04
2.620000000000000000e+03
2.175100000000000000e+04
2.669000000000000000e+03
2.194700000000000000e+04
2.334200000000000000e+04
2.321500000000000000e+04
2.200300000000000000e+04
2.376800000000000000e+04
2.293200000000000000e+04
2.357600000000000000e+04
2.245700000000000000e+04
2.242300000000000000e+04
2.457000000000000000e+03
2.285100000000000000e+04
2.511000000000000000e+03
2.366100000000000000e+04
2.368500000000000000e+04
2.227400000000000000e+04
2.312600000000000000e+04
2.297100000000000000e+04
2.231200000000000000e+04
2.263700000000000000e+04
2.197000000000000000e+04
2.267400000000000000e+04
2.232000000000000000e+04
2.318100000000000000e+04
2.381500000000000000e+04
2.390300000000000000e+04
2.366800000000000000e+04
2.222800000000000000e+04
2.194300000000000000e+04
2.256600000000000000e+04
2.178600000000000000e+04
2.526000000000000000e+03
2.178200000000000000e+04
2.243400000000000000e+04
2.274400000000000000e+04
2.349000000000000000e+04
2.206800000000000000e+04
2.329000000000000000e+04
2.208100000000000000e+04
2.225800000000000000e+04
2.379900000000000000e+04
2.393700000000000000e+04
2.331200000000000000e+04
2.212300000000000000e+04
2.374600000000000000e+04
2.197600000000000000e+04
2.226600000000000000e+04
2.181400000000000000e+04
2.371300000000000000e+04
2.342200000000000000e+04
2.388600000000000000e+04
2.264000000000000000e+04
2.231400000000000000e+04
2.355900000000000000e+04
2.193900000000000000e+04
2.218200000000000000e+04
2.178700000000000000e+04
2.387700000000000000e+04
2.180300000000000000e+04
2.230900000000000000e+04
2.225200000000000000e+04
2.199600000000000000e+04
2.219100000000000000e+04
2.360200000000000000e+04
2.203200000000000000e+04
2.182300000000000000e+04
2.206300000000000000e+04
2.210100000000000000e+04
2.297800000000000000e+04
2.278000000000000000e+04
2.271600000000000000e+04
2.230800000000000000e+04
2.350100000000000000e+04
2.286300000000000000e+04
2.395600000000000000e+04
2.540000000000000000e+03
2.227700000000000000e+04
2.361400000000000000e+04
2.256500000000000000e+04
2.461000000000000000e+03
2.282000000000000000e+04
2.234100000000000000e+04
2.394400000000000000e+04
2.301500000000000000e+04
2.350700000000000000e+04
2.293500000000000000e+04
2.341300000000000000e+04
2.180500000000000000e+04
2.304200000000000000e+04
2.216000000000000000e+04
2.309000000000000000e+04
2.371600000000000000e+04
2.314500000000000000e+04
2.175600000000000000e+04
2.176300000000000000e+04
2.530000000000000000e+03
2.613000000000000000e+03
2.187400000000000000e+04
2.386300000000000000e+04
2.574000000000000000e+03
2.327000000000000000e+04
2.301100000000000000e+04
2.221600000000000000e+04
2.284600000000000000e+04
2.300300000000000000e+04
2.240800000000000000e+04
2.826900000000000000e+04
2.286100000000000000e+04
2.235000000000000000e+04
2.370600000000000000e+04
2.315700000000000000e+04
2.536000000000000000e+03
2.329300000000000000e+04
2.329800000000000000e+04
2.252000000000000000e+04
2.361600000000000000e+04
2.250100000000000000e+04
2.306800000000000000e+04
2.347600000000000000e+04
2.287100000000000000e+04
2.217200000000000000e+04
2.319400000000000000e+04
2.333500000000000000e+04
2.237000000000000000e+04
2.395500000000000000e+04
2.281500000000000000e+04
2.339800000000000000e+04
2.242600000000000000e+04
2.191000000000000000e+04
2.204500000000000000e+04
2.547000000000000000e+03
2.215700000000000000e+04
2.389700000000000000e+04
2.639000000000000000e+03
2.363600000000000000e+04
2.239300000000000000e+04
2.273100000000000000e+04
2.348000000000000000e+04
2.210600000000000000e+04
2.202600000000000000e+04
2.283000000000000000e+04
2.230500000000000000e+04
2.253900000000000000e+04
2.231700000000000000e+04
2.464000000000000000e+03
2.393200000000000000e+04
2.354400000000000000e+04
2.395300000000000000e+04
2.268100000000000000e+04
2.181900000000000000e+04
2.179500000000000000e+04
2.381000000000000000e+04
2.394900000000000000e+04
2.175800000000000000e+04
2.373500000000000000e+04
2.300100000000000000e+04
2.180100000000000000e+04
2.298200000000000000e+04
2.307100000000000000e+04
2.328900000000000000e+04
2.367500000000000000e+04
2.452000000000000000e+03
2.366900000000000000e+04
2.341000000000000000e+04
2.826700000000000000e+04
2.350400000000000000e+04
2.175300000000000000e+04
2.300700000000000000e+04
2.382300000000000000e+04
2.257400000000000000e+04
2.244400000000000000e+04
2.377800000000000000e+04
2.195900000000000000e+04
2.202000000000000000e+04
2.614000000000000000e+03
2.341900000000000000e+04
2.270100000000000000e+04
2.281200000000000000e+04
2.324300000000000000e+04
2.193100000000000000e+04
2.240200000000000000e+04
2.481000000000000000e+03
2.281000000000000000e+04
2.316200000000000000e+04
2.288000000000000000e+04
2.179200000000000000e+04
2.266200000000000000e+04
2.208600000000000000e+04
2.268600000000000000e+04
2.266800000000000000e+04
2.290000000000000000e+04
2.244100000000000000e+04
2.264400000000000000e+04
2.277900000000000000e+04
2.383800000000000000e+04
2.224200000000000000e+04
2.262300000000000000e+04
2.181500000000000000e+04
2.443000000000000000e+03
2.194200000000000000e+04
2.381600000000000000e+04
2.282300000000000000e+04
2.224700000000000000e+04
2.362800000000000000e+04
2.258700000000000000e+04
2.501000000000000000e+03
2.199500000000000000e+04
2.250700000000000000e+04
2.631000000000000000e+03
2.182500000000000000e+04
2.256700000000000000e+04
2.292500000000000000e+04
2.321300000000000000e+04
2.628000000000000000e+03
2.268400000000000000e+04
2.271800000000000000e+04
2.207500000000000000e+04
2.322100000000000000e+04
2.259700000000000000e+04
2.262900000000000000e+04
2.233500000000000000e+04
2.378600000000000000e+04
2.385500000000000000e+04
2.302500000000000000e+04
2.326200000000000000e+04
2.273900000000000000e+04
2.182100000000000000e+04
2.246000000000000000e+04
2.356100000000000000e+04
2.280900000000000000e+04
2.234000000000000000e+04
2.355700000000000000e+04
2.370400000000000000e+04
2.272900000000000000e+04
2.221100000000000000e+04
2.642000000000000000e+03
2.266600000000000000e+04
2.258300000000000000e+04
2.372400000000000000e+04
2.265600000000000000e+04
2.289000000000000000e+04
2.351700000000000000e+04
2.299500000000000000e+04
2.290300000000000000e+04
2.247800000000000000e+04
2.277800000000000000e+04
2.570000000000000000e+03
2.344100000000000000e+04
2.272500000000000000e+04
2.342700000000000000e+04
2.209900000000000000e+04
2.240700000000000000e+04
2.215500000000000000e+04
2.564000000000000000e+03
2.379100000000000000e+04
2.558000000000000000e+03
2.236600000000000000e+04
2.183200000000000000e+04
2.352500000000000000e+04
2.367800000000000000e+04
2.175000000000000000e+04
2.315100000000000000e+04
2.188700000000000000e+04
2.262800000000000000e+04
2.353900000000000000e+04
2.470000000000000000e+03
2.231300000000000000e+04
2.326400000000000000e+04
2.230600000000000000e+04
2.287400000000000000e+04
2.280500000000000000e+04
2.359300000000000000e+04
2.544000000000000000e+03
2.444000000000000000e+03
2.197100000000000000e+04
2.377400000000000000e+04
2.369200000000000000e+04
2.347200000000000000e+04
2.186400000000000000e+04
2.217600000000000000e+04
2.826100000000000000e+04
2.335800000000000000e+04
2.195600000000000000e+04
2.255000000000000000e+04
2.194600000000000000e+04
2.329700000000000000e+04
2.479000000000000000e+03
2.275700000000000000e+04
2.259100000000000000e+04
2.380400000000000000e+04
2.368300000000000000e+04
2.387300000000000000e+04
2.226300000000000000e+04
2.331100000000000000e+04
2.354000000000000000e+04
2.228800000000000000e+04
2.359800000000000000e+04
2.342500000000000000e+04
2.204100000000000000e+04
2.281400000000000000e+04
2.500000000000000000e+03
2.366000000000000000e+04
2.199900000000000000e+04
2.302100000000000000e+04
2.349700000000000000e+04
2.332400000000000000e+04
2.303300000000000000e+04
2.503000000000000000e+03
2.247000000000000000e+04
2.370000000000000000e+04
2.363200000000000000e+04
2.336600000000000000e+04
2.341100000000000000e+04
2.218900000000000000e+04
2.309300000000000000e+04
2.261900000000000000e+04
2.192600000000000000e+04
2.294000000000000000e+04
2.255500000000000000e+04
2.300600000000000000e+04
2.197400000000000000e+04
2.275300000000000000e+04
2.551000000000000000e+03
2.189700000000000000e+04
2.388300000000000000e+04
2.204700000000000000e+04
2.217400000000000000e+04
2.280100000000000000e+04
2.239600000000000000e+04
2.645000000000000000e+03
2.249600000000000000e+04
2.341400000000000000e+04
2.229800000000000000e+04
2.273200000000000000e+04
2.386700000000000000e+04
2.466000000000000000e+03
2.307300000000000000e+04
2.258600000000000000e+04
2.181700000000000000e+04
2.280000000000000000e+04
2.338900000000000000e+04
2.589000000000000000e+03
2.478000000000000000e+03
2.269900000000000000e+04
2.377100000000000000e+04
2.199400000000000000e+04
2.264300000000000000e+04
2.187700000000000000e+04
2.353700000000000000e+04
2.214100000000000000e+04
2.319300000000000000e+04
2.379000000000000000e+04
2.303600000000000000e+04
2.226800000000000000e+04
2.303500000000000000e+04
2.318700000000000000e+04
2.261600000000000000e+04
2.178000000000000000e+04
2.490000000000000000e+03
2.671000000000000000e+03
2.274800000000000000e+04
2.387100000000000000e+04
2.296900000000000000e+04
2.290600000000000000e+04
2.277100000000000000e+04
2.227800000000000000e+04
2.332000000000000000e+04
2.306700000000000000e+04
2.177700000000000000e+04
2.826500000000000000e+04
2.272400000000000000e+04
2.244800000000000000e+04
2.324000000000000000e+04
2.226000000000000000e+04
2.295300000000000000e+04
2.349800000000000000e+04
2.313600000000000000e+04
2.314400000000000000e+04
2.198200000000000000e+04
2.240000000000000000e+04
2.248800000000000000e+04
2.190100000000000000e+04
2.211800000000000000e+04
2.376400000000000000e+04
2.364300000000000000e+04
2.288900000000000000e+04
2.344800000000000000e+04
2.365700000000000000e+04
2.379400000000000000e+04
2.497000000000000000e+03
2.638000000000000000e+03
2.349500000000000000e+04
2.276600000000000000e+04
2.285600000000000000e+04
2.313200000000000000e+04
2.244200000000000000e+04
2.258200000000000000e+04
2.178900000000000000e+04
2.394700000000000000e+04
2.255100000000000000e+04
2.363100000000000000e+04
2.187500000000000000e+04
2.392500000000000000e+04
2.329200000000000000e+04
2.202500000000000000e+04
2.212100000000000000e+04
2.644000000000000000e+03
2.393400000000000000e+04
2.372700000000000000e+04
2.335900000000000000e+04
2.217500000000000000e+04
2.328600000000000000e+04
2.286800000000000000e+04
2.217100000000000000e+04
2.279100000000000000e+04
2.191900000000000000e+04
2.354100000000000000e+04
2.326100000000000000e+04
2.190400000000000000e+04
2.635000000000000000e+03
2.232700000000000000e+04
2.260100000000000000e+04
2.335200000000000000e+04
2.267600000000000000e+04
2.339900000000000000e+04
2.379700000000000000e+04
2.390400000000000000e+04
2.324600000000000000e+04
2.242200000000000000e+04
2.296000000000000000e+04
2.326600000000000000e+04
2.185600000000000000e+04
2.378200000000000000e+04
2.310400000000000000e+04
2.582000000000000000e+03
2.199700000000000000e+04
2.381400000000000000e+04
2.201900000000000000e+04
2.324700000000000000e+04
2.305700000000000000e+04
2.670000000000000000e+03
2.378500000000000000e+04
2.192100000000000000e+04
2.573000000000000000e+03
2.292800000000000000e+04
2.459000000000000000e+03
2.184400000000000000e+04
2.343900000000000000e+04
2.265000000000000000e+04
2.321600000000000000e+04
2.317200000000000000e+04
2.256200000000000000e+04
2.270900000000000000e+04
2.391900000000000000e+04
2.258900000000000000e+04
2.188500000000000000e+04
2.316700000000000000e+04
2.268000000000000000e+04
2.395200000000000000e+04
2.562000000000000000e+03
2.439000000000000000e+03
2.643000000000000000e+03
2.260000000000000000e+04
2.273800000000000000e+04
2.372800000000000000e+04
2.484000000000000000e+03
2.260800000000000000e+04
2.216400000000000000e+04
2.261100000000000000e+04
2.354500000000000000e+04
2.661000000000000000e+03
2.321200000000000000e+04
2.304000000000000000e+04
2.379200000000000000e+04
2.289700000000000000e+04
2.325200000000000000e+04
2.348300000000000000e+04
2.228000000000000000e+04
2.392700000000000000e+04
2.318500000000000000e+04
2.220900000000000000e+04
2.306500000000000000e+04
2.358300000000000000e+04
2.386000000000000000e+04
2.261400000000000000e+04
2.374000000000000000e+04
2.276500000000000000e+04
2.375300000000000000e+04
2.252700000000000000e+04
2.241400000000000000e+04
2.390200000000000000e+04
2.324200000000000000e+04
2.278400000000000000e+04
2.298800000000000000e+04
2.211600000000000000e+04
2.227200000000000000e+04
2.383500000000000000e+04
2.373900000000000000e+04
2.365100000000000000e+04
2.346200000000000000e+04
2.267300000000000000e+04
2.181100000000000000e+04
2.260700000000000000e+04
2.456000000000000000e+03
2.245300000000000000e+04
2.320300000000000000e+04
2.212500000000000000e+04
2.330100000000000000e+04
2.199100000000000000e+04
2.272100000000000000e+04
2.365000000000000000e+04
2.191600000000000000e+04
2.349200000000000000e+04
2.216700000000000000e+04
2.506000000000000000e+03
2.322300000000000000e+04
2.303900000000000000e+04
2.241100000000000000e+04
2.232600000000000000e+04
2.395400000000000000e+04
2.277300000000000000e+04
2.356500000000000000e+04
2.228500000000000000e+04
2.438000000000000000e+03
2.270200000000000000e+04
2.293100000000000000e+04
2.315200000000000000e+04
2.237500000000000000e+04
2.325100000000000000e+04
2.337200000000000000e+04
2.533000000000000000e+03
2.248600000000000000e+04
2.228100000000000000e+04
2.236500000000000000e+04
2.201600000000000000e+04
2.376300000000000000e+04
2.375100000000000000e+04
2.297000000000000000e+04
2.261200000000000000e+04
2.319500000000000000e+04
2.272000000000000000e+04
2.270800000000000000e+04
2.672000000000000000e+03
2.199800000000000000e+04
2.351400000000000000e+04
2.338300000000000000e+04
2.283300000000000000e+04
2.320200000000000000e+04
2.378900000000000000e+04
2.292000000000000000e+04
2.345500000000000000e+04
2.313400000000000000e+04
2.264500000000000000e+04
2.208700000000000000e+04
2.238900000000000000e+04
2.246600000000000000e+04
2.317800000000000000e+04
2.528000000000000000e+03
2.246500000000000000e+04
2.261700000000000000e+04
2.394600000000000000e+04
2.309900000000000000e+04
2.220200000000000000e+04
2.378800000000000000e+04
2.525000000000000000e+03
2.368100000000000000e+04
2.198700000000000000e+04
2.236700000000000000e+04
2.321000000000000000e+04
2.187800000000000000e+04
2.221000000000000000e+04
2.321700000000000000e+04
2.235300000000000000e+04
2.379600000000000000e+04
2.542000000000000000e+03
2.208500000000000000e+04
2.287800000000000000e+04
2.292400000000000000e+04
2.179300000000000000e+04
2.663000000000000000e+03
2.668000000000000000e+03
2.288300000000000000e+04
2.311800000000000000e+04
2.343000000000000000e+04
2.312900000000000000e+04
2.388400000000000000e+04
2.278900000000000000e+04
2.273700000000000000e+04
2.583000000000000000e+03
2.372000000000000000e+04
2.330500000000000000e+04
2.360800000000000000e+04
2.552000000000000000e+03
2.214900000000000000e+04
2.289100000000000000e+04
2.230000000000000000e+04
2.200900000000000000e+04
2.348200000000000000e+04
2.235500000000000000e+04
2.317400000000000000e+04
2.577000000000000000e+03
2.348700000000000000e+04
2.198100000000000000e+04
2.229200000000000000e+04
2.373800000000000000e+04
2.186000000000000000e+04
2.190200000000000000e+04
2.618000000000000000e+03
2.203100000000000000e+04
2.233200000000000000e+04
2.236200000000000000e+04
2.343700000000000000e+04
2.340000000000000000e+04
2.252900000000000000e+04
2.257500000000000000e+04
2.519000000000000000e+03
2.592000000000000000e+03
2.563000000000000000e+03
2.327700000000000000e+04
2.318800000000000000e+04
2.223000000000000000e+04
2.230700000000000000e+04
2.269500000000000000e+04
2.199300000000000000e+04
2.286500000000000000e+04
2.302200000000000000e+04
2.379500000000000000e+04
2.214300000000000000e+04
2.303000000000000000e+04
2.197900000000000000e+04
2.202300000000000000e+04
2.226400000000000000e+04
2.240600000000000000e+04
2.288700000000000000e+04
2.355500000000000000e+04
2.349600000000000000e+04
2.326800000000000000e+04
2.245000000000000000e+04
2.627000000000000000e+03
2.233900000000000000e+04
2.176900000000000000e+04
2.221700000000000000e+04
2.361700000000000000e+04
2.210400000000000000e+04
2.261000000000000000e+04
2.336700000000000000e+04
2.308900000000000000e+04
2.248000000000000000e+04
2.393500000000000000e+04
2.194900000000000000e+04
2.297600000000000000e+04
2.181000000000000000e+04
2.211400000000000000e+04
2.325300000000000000e+04
2.374900000000000000e+04
2.387400000000000000e+04
2.237900000000000000e+04
2.308600000000000000e+04
2.344200000000000000e+04
2.209800000000000000e+04
2.576000000000000000e+03
2.239800000000000000e+04
2.251300000000000000e+04
2.177400000000000000e+04
2.330300000000000000e+04
2.382700000000000000e+04
2.316800000000000000e+04
2.209400000000000000e+04
2.264700000000000000e+04
2.231100000000000000e+04
2.236900000000000000e+04
2.352300000000000000e+04
2.254200000000000000e+04
2.220500000000000000e+04
2.200800000000000000e+04
2.234900000000000000e+04
2.175400000000000000e+04
2.326000000000000000e+04
2.203300000000000000e+04
2.325600000000000000e+04
2.387500000000000000e+04
2.826000000000000000e+04
2.274600000000000000e+04
2.826300000000000000e+04
2.253800000000000000e+04
2.364600000000000000e+04
2.350900000000000000e+04
2.182700000000000000e+04
2.246200000000000000e+04
2.285700000000000000e+04
2.203900000000000000e+04
2.207200000000000000e+04
2.196400000000000000e+04
2.318600000000000000e+04
2.209200000000000000e+04
2.177300000000000000e+04
2.311100000000000000e+04
2.361100000000000000e+04
2.249100000000000000e+04
2.344600000000000000e+04
2.382800000000000000e+04
2.223500000000000000e+04
2.279300000000000000e+04
2.218600000000000000e+04
2.228600000000000000e+04
2.182000000000000000e+04
2.271200000000000000e+04
2.212800000000000000e+04
2.381800000000000000e+04
2.371100000000000000e+04
2.391800000000000000e+04
2.301800000000000000e+04
2.269200000000000000e+04
2.369000000000000000e+04
2.385800000000000000e+04
2.626000000000000000e+03
2.219700000000000000e+04
2.431000000000000000e+03
2.271100000000000000e+04
2.275800000000000000e+04
2.396300000000000000e+04
2.376100000000000000e+04
2.212200000000000000e+04
2.390600000000000000e+04
2.276700000000000000e+04
2.232200000000000000e+04
2.212600000000000000e+04
2.243100000000000000e+04
2.345100000000000000e+04
2.357000000000000000e+04
2.527000000000000000e+03
2.208200000000000000e+04
2.581000000000000000e+03
2.196600000000000000e+04
2.653000000000000000e+03
2.610000000000000000e+03
2.230100000000000000e+04
2.567000000000000000e+03
2.367200000000000000e+04
2.606000000000000000e+03
2.201500000000000000e+04
2.312200000000000000e+04
2.361000000000000000e+04
2.268800000000000000e+04
2.176600000000000000e+04
2.321400000000000000e+04
2.295400000000000000e+04
2.248500000000000000e+04
2.240400000000000000e+04
2.212000000000000000e+04
2.291200000000000000e+04
2.297300000000000000e+04
2.480000000000000000e+03
2.241700000000000000e+04
2.277400000000000000e+04
2.327500000000000000e+04
2.238700000000000000e+04
2.340700000000000000e+04
2.342800000000000000e+04
2.241600000000000000e+04
2.339100000000000000e+04
2.303800000000000000e+04
2.343300000000000000e+04
2.267500000000000000e+04
2.258100000000000000e+04
2.322000000000000000e+04
2.271700000000000000e+04
2.370300000000000000e+04
2.392100000000000000e+04
2.323300000000000000e+04
2.193800000000000000e+04
2.285900000000000000e+04
2.260200000000000000e+04
2.336100000000000000e+04
2.289900000000000000e+04
2.217700000000000000e+04
2.251800000000000000e+04
2.339700000000000000e+04
2.286200000000000000e+04
2.190000000000000000e+04
2.367700000000000000e+04
2.288200000000000000e+04
2.367600000000000000e+04
2.207800000000000000e+04
2.386200000000000000e+04
2.537000000000000000e+03
2.242500000000000000e+04
2.226500000000000000e+04
2.287900000000000000e+04
2.451000000000000000e+03
2.385400000000000000e+04
2.353100000000000000e+04
2.302800000000000000e+04
2.346100000000000000e+04
2.245200000000000000e+04
2.338200000000000000e+04
2.392400000000000000e+04
2.243800000000000000e+04
2.665000000000000000e+03
2.319900000000000000e+04
2.379800000000000000e+04
2.305400000000000000e+04
2.374800000000000000e+04
2.289300000000000000e+04
2.550000000000000000e+03
2.333700000000000000e+04
2.205900000000000000e+04
2.208800000000000000e+04
2.338600000000000000e+04
2.660000000000000000e+03
2.446000000000000000e+03
2.389800000000000000e+04
2.338100000000000000e+04
2.363700000000000000e+04
2.187600000000000000e+04
2.656000000000000000e+03
2.370900000000000000e+04
2.306900000000000000e+04
2.176200000000000000e+04
2.391500000000000000e+04
2.494000000000000000e+03
2.386800000000000000e+04
2.504000000000000000e+03
2.294800000000000000e+04
2.634000000000000000e+03
2.254700000000000000e+04
2.275200000000000000e+04
2.250800000000000000e+04
2.289600000000000000e+04
2.191800000000000000e+04
2.214800000000000000e+04
2.350800000000000000e+04
2.237400000000000000e+04
2.359600000000000000e+04
2.650000000000000000e+03
2.265700000000000000e+04
2.377000000000000000e+04
2.187300000000000000e+04
2.324100000000000000e+04
2.289800000000000000e+04
2.380500000000000000e+04
2.380000000000000000e+04
2.337800000000000000e+04
2.351300000000000000e+04
2.222600000000000000e+04
2.373600000000000000e+04
2.252200000000000000e+04
2.298100000000000000e+04
2.389900000000000000e+04
2.263600000000000000e+04
2.293300000000000000e+04
2.675000000000000000e+03
2.344300000000000000e+04
2.395000000000000000e+04
2.391200000000000000e+04
2.194000000000000000e+04
2.202900000000000000e+04
2.336800000000000000e+04
2.269700000000000000e+04
2.218300000000000000e+04
2.274900000000000000e+04
2.370200000000000000e+04
2.241800000000000000e+04
2.301600000000000000e+04
2.362700000000000000e+04
2.367000000000000000e+04
2.190300000000000000e+04
2.226100000000000000e+04
2.535000000000000000e+03
2.380700000000000000e+04
2.241900000000000000e+04
2.251500000000000000e+04
2.180000000000000000e+04
2.186100000000000000e+04
2.358200000000000000e+04
2.346900000000000000e+04
2.214500000000000000e+04
2.211700000000000000e+04
2.290200000000000000e+04
2.314900000000000000e+04
2.356000000000000000e+04
2.242800000000000000e+04
2.338700000000000000e+04
2.183500000000000000e+04
2.221800000000000000e+04
2.375500000000000000e+04
2.289200000000000000e+04
2.350300000000000000e+04
2.649000000000000000e+03
2.623000000000000000e+03
2.209600000000000000e+04
2.505000000000000000e+03
2.296400000000000000e+04
2.191500000000000000e+04
2.312400000000000000e+04
2.311500000000000000e+04
2.381300000000000000e+04
2.228300000000000000e+04
2.596000000000000000e+03
2.640000000000000000e+03
2.378000000000000000e+04
2.206700000000000000e+04
2.287200000000000000e+04
2.666000000000000000e+03
2.207300000000000000e+04
2.279700000000000000e+04
2.181800000000000000e+04
2.349100000000000000e+04
2.325500000000000000e+04
2.177200000000000000e+04
2.263300000000000000e+04
2.218000000000000000e+04
2.308400000000000000e+04
2.220300000000000000e+04
2.271300000000000000e+04
2.296200000000000000e+04
2.215200000000000000e+04
2.352900000000000000e+04
nan
2.222400000000000000e+04
2.363800000000000000e+04
2.307400000000000000e+04
2.358500000000000000e+04
2.318900000000000000e+04
2.196100000000000000e+04
2.648000000000000000e+03
2.174600000000000000e+04
2.213000000000000000e+04
2.279600000000000000e+04
2.184800000000000000e+04
2.294900000000000000e+04
2.534000000000000000e+03
2.332300000000000000e+04
2.363300000000000000e+04
2.213600000000000000e+04
2.345300000000000000e+04
2.294300000000000000e+04
2.193300000000000000e+04
2.454000000000000000e+03
2.267800000000000000e+04
2.311700000000000000e+04
2.595000000000000000e+03
2.352000000000000000e+04
2.277200000000000000e+04
2.382900000000000000e+04
2.372900000000000000e+04
2.344700000000000000e+04
2.185700000000000000e+04
2.246800000000000000e+04
2.495000000000000000e+03
2.257800000000000000e+04
2.262200000000000000e+04
2.387600000000000000e+04
2.327400000000000000e+04
2.251100000000000000e+04
2.343100000000000000e+04
2.240900000000000000e+04
2.320800000000000000e+04
2.248100000000000000e+04
2.279000000000000000e+04
2.299900000000000000e+04
2.286700000000000000e+04
2.186900000000000000e+04
2.250500000000000000e+04
2.193000000000000000e+04
2.433000000000000000e+03
2.246700000000000000e+04
2.223300000000000000e+04
2.301400000000000000e+04
2.194500000000000000e+04
2.178400000000000000e+04
2.354700000000000000e+04
2.588000000000000000e+03
2.356900000000000000e+04
2.353400000000000000e+04
2.230400000000000000e+04
2.232300000000000000e+04
2.289400000000000000e+04
2.368700000000000000e+04
2.376600000000000000e+04
2.173900000000000000e+04
2.321800000000000000e+04
2.250600000000000000e+04
2.282700000000000000e+04
2.307200000000000000e+04
2.312300000000000000e+04
2.200000000000000000e+04
2.337300000000000000e+04
2.224800000000000000e+04
2.222100000000000000e+04
2.491000000000000000e+03
2.245400000000000000e+04
2.319200000000000000e+04
2.247400000000000000e+04
2.347300000000000000e+04
2.386900000000000000e+04
2.176500000000000000e+04
2.587000000000000000e+03
2.327200000000000000e+04
2.296700000000000000e+04
2.298600000000000000e+04
2.264100000000000000e+04
2.218800000000000000e+04
2.191400000000000000e+04
2.293900000000000000e+04
2.302700000000000000e+04
2.174300000000000000e+04
2.664000000000000000e+03
2.225400000000000000e+04
2.331300000000000000e+04
2.365600000000000000e+04
2.320000000000000000e+04
2.658000000000000000e+03
2.282200000000000000e+04
2.188000000000000000e+04
2.333800000000000000e+04
2.327100000000000000e+04
2.317500000000000000e+04
2.365300000000000000e+04
2.230300000000000000e+04
2.173800000000000000e+04
2.257300000000000000e+04
2.232100000000000000e+04
2.389500000000000000e+04
2.205100000000000000e+04
2.286600000000000000e+04
2.243900000000000000e+04
2.335300000000000000e+04
2.523000000000000000e+03
2.274500000000000000e+04
2.219200000000000000e+04
2.396400000000000000e+04
2.253500000000000000e+04
2.204400000000000000e+04
2.284100000000000000e+04
2.314800000000000000e+04
2.355300000000000000e+04
2.355200000000000000e+04
2.338800000000000000e+04
2.339000000000000000e+04
2.345700000000000000e+04
2.192700000000000000e+04
2.263900000000000000e+04
2.207000000000000000e+04
2.224900000000000000e+04
2.298300000000000000e+04
2.278600000000000000e+04
2.324400000000000000e+04
2.298000000000000000e+04
2.193200000000000000e+04
2.236100000000000000e+04
2.326300000000000000e+04
2.318200000000000000e+04
2.554000000000000000e+03
2.196200000000000000e+04
2.323200000000000000e+04
2.333200000000000000e+04
2.304300000000000000e+04
2.546000000000000000e+03
2.204900000000000000e+04
2.363400000000000000e+04
2.368400000000000000e+04
2.328700000000000000e+04
2.290400000000000000e+04
2.514000000000000000e+03
2.391600000000000000e+04
2.369900000000000000e+04
2.231500000000000000e+04
2.314600000000000000e+04
2.203000000000000000e+04
2.255800000000000000e+04
2.342900000000000000e+04
2.673000000000000000e+03
2.385700000000000000e+04
2.512000000000000000e+03
2.353800000000000000e+04
2.396000000000000000e+04
2.298400000000000000e+04
2.284800000000000000e+04
2.372300000000000000e+04
2.306000000000000000e+04
2.239700000000000000e+04
2.213100000000000000e+04
2.278800000000000000e+04
2.323700000000000000e+04
2.387900000000000000e+04
2.198900000000000000e+04
2.395700000000000000e+04
2.223100000000000000e+04
2.254000000000000000e+04
2.482000000000000000e+03
2.259300000000000000e+04
2.208400000000000000e+04
2.245800000000000000e+04
2.344500000000000000e+04
2.566000000000000000e+03
2.357400000000000000e+04
2.302900000000000000e+04
2.250400000000000000e+04
2.352700000000000000e+04
2.307800000000000000e+04
2.301300000000000000e+04
2.205200000000000000e+04
2.565000000000000000e+03
2.193600000000000000e+04
2.378100000000000000e+04
2.315800000000000000e+04
2.338400000000000000e+04
2.277700000000000000e+04
2.320900000000000000e+04
2.383900000000000000e+04
2.284400000000000000e+04
2.593000000000000000e+03
2.208900000000000000e+04
2.232900000000000000e+04
2.384600000000000000e+04
2.310700000000000000e+04
2.273400000000000000e+04
2.362100000000000000e+04
2.368600000000000000e+04
2.353200000000000000e+04
2.493000000000000000e+03
2.291300000000000000e+04
2.268300000000000000e+04
2.197500000000000000e+04
2.182900000000000000e+04
2.300500000000000000e+04
2.381100000000000000e+04
2.198600000000000000e+04
2.388900000000000000e+04
2.327600000000000000e+04
2.189300000000000000e+04
2.383300000000000000e+04
2.329100000000000000e+04
2.347700000000000000e+04
2.276000000000000000e+04
2.231900000000000000e+04
2.215100000000000000e+04
2.286000000000000000e+04
2.211500000000000000e+04
2.376700000000000000e+04
2.309400000000000000e+04
2.385000000000000000e+04
2.188900000000000000e+04
2.244300000000000000e+04
2.185000000000000000e+04
2.266700000000000000e+04
2.434000000000000000e+03
2.364800000000000000e+04
2.185300000000000000e+04
2.334100000000000000e+04
2.379300000000000000e+04
2.283100000000000000e+04
2.337600000000000000e+04
2.335400000000000000e+04
2.309500000000000000e+04
2.234500000000000000e+04
2.207600000000000000e+04
2.629000000000000000e+03
2.487000000000000000e+03
2.308100000000000000e+04
2.334000000000000000e+04
2.359900000000000000e+04
2.229300000000000000e+04
2.175700000000000000e+04
2.345000000000000000e+04
2.298900000000000000e+04
2.343400000000000000e+04
2.292600000000000000e+04
2.389200000000000000e+04
2.227300000000000000e+04
2.319700000000000000e+04
2.254400000000000000e+04
2.177500000000000000e+04
2.508000000000000000e+03
2.338000000000000000e+04
2.251600000000000000e+04
2.308700000000000000e+04
2.233000000000000000e+04
2.256100000000000000e+04
2.327900000000000000e+04
2.270400000000000000e+04
2.249900000000000000e+04
2.315900000000000000e+04
2.529000000000000000e+03
2.274200000000000000e+04
2.605000000000000000e+03
2.174800000000000000e+04
2.284700000000000000e+04
2.186300000000000000e+04
2.339600000000000000e+04
2.224500000000000000e+04
2.225900000000000000e+04
2.359100000000000000e+04
2.474000000000000000e+03
2.263100000000000000e+04
2.213800000000000000e+04
2.646000000000000000e+03
2.179600000000000000e+04
2.271000000000000000e+04
2.598000000000000000e+03
2.541000000000000000e+03
2.244700000000000000e+04
2.325700000000000000e+04
2.332900000000000000e+04
2.372200000000000000e+04
2.370100000000000000e+04
2.255700000000000000e+04
2.210500000000000000e+04
2.517000000000000000e+03
2.193500000000000000e+04
2.374400000000000000e+04
2.259000000000000000e+04
2.375000000000000000e+04
2.294200000000000000e+04
2.177600000000000000e+04
2.259400000000000000e+04
2.178800000000000000e+04
2.220800000000000000e+04
2.377700000000000000e+04
2.254800000000000000e+04
2.198500000000000000e+04
2.237300000000000000e+04
2.368800000000000000e+04
2.294400000000000000e+04
2.220400000000000000e+04
2.341600000000000000e+04
2.462000000000000000e+03
2.238000000000000000e+04
2.215300000000000000e+04
2.183600000000000000e+04
2.195300000000000000e+04
2.229100000000000000e+04
2.334700000000000000e+04
2.270600000000000000e+04
2.365900000000000000e+04
2.180200000000000000e+04
2.311400000000000000e+04
2.213700000000000000e+04
2.232800000000000000e+04
2.299200000000000000e+04
2.436000000000000000e+03
2.489000000000000000e+03
2.317700000000000000e+04
2.381200000000000000e+04
2.362900000000000000e+04
2.228900000000000000e+04
2.265100000000000000e+04
2.305500000000000000e+04
2.202800000000000000e+04
2.235800000000000000e+04
2.255200000000000000e+04
2.247500000000000000e+04
2.374300000000000000e+04
2.206900000000000000e+04
2.352200000000000000e+04
2.375800000000000000e+04
2.337900000000000000e+04
2.396700000000000000e+04
2.290500000000000000e+04
2.336000000000000000e+04
2.662000000000000000e+03
2.273000000000000000e+04
2.389400000000000000e+04
2.336300000000000000e+04
2.210200000000000000e+04
2.266100000000000000e+04
2.302600000000000000e+04
2.238100000000000000e+04
2.358000000000000000e+04
2.370500000000000000e+04
2.321100000000000000e+04
2.608000000000000000e+03
2.183900000000000000e+04
2.247300000000000000e+04
2.262400000000000000e+04
2.391300000000000000e+04
2.348500000000000000e+04
2.299800000000000000e+04
2.234400000000000000e+04
2.262700000000000000e+04
2.239100000000000000e+04
2.248700000000000000e+04
2.826200000000000000e+04
2.358100000000000000e+04
2.393000000000000000e+04
2.176000000000000000e+04
2.258000000000000000e+04
2.315500000000000000e+04
2.256400000000000000e+04
2.218400000000000000e+04
2.384300000000000000e+04
2.340600000000000000e+04
2.388500000000000000e+04
2.344400000000000000e+04
2.301000000000000000e+04
2.366700000000000000e+04
2.249300000000000000e+04
2.178300000000000000e+04
2.267700000000000000e+04
2.475000000000000000e+03
2.342600000000000000e+04
2.180900000000000000e+04
2.200400000000000000e+04
2.229700000000000000e+04
2.198400000000000000e+04
2.174400000000000000e+04
2.349900000000000000e+04
2.385100000000000000e+04
2.354300000000000000e+04
2.300900000000000000e+04
2.272800000000000000e+04
2.288600000000000000e+04
2.619000000000000000e+03
2.189100000000000000e+04
2.176400000000000000e+04
2.498000000000000000e+03
2.224600000000000000e+04
2.260900000000000000e+04
2.286900000000000000e+04
2.182600000000000000e+04
2.348100000000000000e+04
2.240100000000000000e+04
2.209000000000000000e+04
2.216200000000000000e+04
2.196700000000000000e+04
2.310000000000000000e+04
2.184300000000000000e+04
2.388000000000000000e+04
2.394500000000000000e+04
2.206500000000000000e+04
2.278300000000000000e+04
2.242000000000000000e+04
2.205700000000000000e+04
2.227100000000000000e+04
2.253200000000000000e+04
2.233800000000000000e+04
2.220600000000000000e+04
2.254500000000000000e+04
2.295100000000000000e+04
2.274300000000000000e+04
2.260600000000000000e+04
2.335000000000000000e+04
2.369100000000000000e+04
2.304500000000000000e+04
2.357800000000000000e+04
2.284900000000000000e+04
2.256800000000000000e+04
2.594000000000000000e+03
2.326900000000000000e+04
2.211100000000000000e+04
2.288100000000000000e+04
2.235400000000000000e+04
2.225500000000000000e+04
2.355800000000000000e+04
2.221300000000000000e+04
2.329900000000000000e+04
2.373300000000000000e+04
2.247900000000000000e+04
2.369700000000000000e+04
2.252600000000000000e+04
2.255900000000000000e+04
2.207400000000000000e+04
2.262000000000000000e+04
2.253600000000000000e+04
2.346600000000000000e+04
2.604000000000000000e+03
2.284000000000000000e+04
2.346500000000000000e+04
2.302000000000000000e+04
2.224400000000000000e+04
2.242700000000000000e+04
2.235900000000000000e+04
2.667000000000000000e+03
2.238500000000000000e+04
2.270300000000000000e+04
2.281300000000000000e+04
2.174500000000000000e+04
2.320100000000000000e+04
2.647000000000000000e+03
2.274000000000000000e+04
2.559000000000000000e+03
2.278500000000000000e+04
2.359000000000000000e+04
2.364500000000000000e+04
2.225700000000000000e+04
2.314200000000000000e+04
2.326500000000000000e+04
2.183400000000000000e+04
2.347100000000000000e+04
2.236000000000000000e+04
2.368200000000000000e+04
2.370700000000000000e+04
2.332100000000000000e+04
2.384000000000000000e+04
2.359500000000000000e+04
2.256000000000000000e+04
2.568000000000000000e+03
2.192900000000000000e+04
2.352800000000000000e+04
2.357700000000000000e+04
2.305000000000000000e+04
2.257600000000000000e+04
2.176100000000000000e+04
2.303200000000000000e+04
2.392600000000000000e+04
2.255600000000000000e+04
2.345800000000000000e+04
2.259500000000000000e+04
2.362400000000000000e+04
2.389100000000000000e+04
2.215600000000000000e+04
2.243700000000000000e+04
2.278700000000000000e+04
2.515000000000000000e+03
2.221400000000000000e+04
2.203500000000000000e+04
2.223400000000000000e+04
2.214200000000000000e+04
2.356200000000000000e+04
2.394100000000000000e+04
2.291100000000000000e+04
2.204200000000000000e+04
2.313100000000000000e+04
2.297500000000000000e+04
2.184500000000000000e+04
2.369400000000000000e+04
2.364000000000000000e+04
2.333400000000000000e+04
2.300400000000000000e+04
2.310900000000000000e+04
2.189900000000000000e+04
2.221500000000000000e+04
2.212900000000000000e+04
2.243200000000000000e+04
2.377300000000000000e+04
2.256300000000000000e+04
2.358700000000000000e+04
2.375900000000000000e+04
2.316400000000000000e+04
2.325000000000000000e+04
2.233300000000000000e+04
2.340800000000000000e+04
2.390700000000000000e+04
2.375600000000000000e+04
2.448000000000000000e+03
2.261300000000000000e+04
2.322900000000000000e+04
2.383100000000000000e+04
2.389600000000000000e+04
2.275500000000000000e+04
2.376200000000000000e+04
2.376500000000000000e+04
2.207100000000000000e+04
2.184600000000000000e+04
2.371000000000000000e+04
2.250900000000000000e+04
2.432000000000000000e+03
2.383400000000000000e+04
2.267100000000000000e+04
2.261500000000000000e+04
2.299300000000000000e+04
2.382100000000000000e+04
2.213900000000000000e+04
2.193400000000000000e+04
2.353500000000000000e+04
2.391100000000000000e+04
2.237600000000000000e+04
2.186500000000000000e+04
2.320500000000000000e+04
2.471000000000000000e+03
2.351500000000000000e+04
2.826400000000000000e+04
2.235200000000000000e+04
2.335600000000000000e+04
2.372600000000000000e+04
2.292200000000000000e+04
2.257700000000000000e+04
2.265300000000000000e+04
2.367400000000000000e+04
2.184200000000000000e+04
2.263400000000000000e+04
2.246400000000000000e+04
2.386400000000000000e+04
2.189500000000000000e+04
2.266300000000000000e+04
2.345200000000000000e+04
2.192000000000000000e+04
2.261800000000000000e+04
2.237200000000000000e+04
2.319100000000000000e+04
2.259600000000000000e+04
2.396500000000000000e+04
2.393800000000000000e+04
2.430000000000000000e+03
2.378400000000000000e+04
2.204800000000000000e+04
2.258400000000000000e+04
2.259800000000000000e+04
2.347500000000000000e+04
2.580000000000000000e+03
2.190700000000000000e+04
2.302400000000000000e+04
2.394200000000000000e+04
2.377200000000000000e+04
2.266900000000000000e+04
2.284500000000000000e+04
2.381700000000000000e+04
2.211300000000000000e+04
2.313500000000000000e+04
2.250300000000000000e+04
2.549000000000000000e+03
2.177900000000000000e+04
2.316000000000000000e+04
2.442000000000000000e+03
2.354600000000000000e+04
2.295600000000000000e+04
2.601000000000000000e+03
2.267200000000000000e+04
2.206400000000000000e+04
2.319600000000000000e+04
2.392900000000000000e+04
2.185400000000000000e+04
2.218100000000000000e+04
2.257900000000000000e+04
