1.700000000000000000e+03
1.653900000000000000e+04
1.410900000000000000e+04
1.425900000000000000e+04
1.643700000000000000e+04
1.609000000000000000e+04
1.470000000000000000e+04
1.568800000000000000e+04
1.475700000000000000e+04
1.480000000000000000e+04
1.447400000000000000e+04
1.510900000000000000e+04
1.540500000000000000e+04
1.404200000000000000e+04
1.406200000000000000e+04
1.538400000000000000e+04
1.487200000000000000e+04
1.527600000000000000e+04
1.441300000000000000e+04
1.453300000000000000e+04
1.520100000000000000e+04
1.446900000000000000e+04
1.404100000000000000e+04
1.429400000000000000e+04
1.525100000000000000e+04
1.455700000000000000e+04
1.565800000000000000e+04
1.579000000000000000e+04
1.616800000000000000e+04
1.469300000000000000e+04
1.413500000000000000e+04
1.517100000000000000e+04
1.657000000000000000e+03
1.408100000000000000e+04
1.408300000000000000e+04
1.594000000000000000e+03
1.439100000000000000e+04
1.468700000000000000e+04
1.499000000000000000e+04
1.508600000000000000e+04
1.698000000000000000e+04
1.465200000000000000e+04
1.584800000000000000e+04
1.712700000000000000e+04
1.674300000000000000e+04
1.415600000000000000e+04
1.687000000000000000e+03
1.436100000000000000e+04
1.461500000000000000e+04
1.566000000000000000e+04
1.703500000000000000e+04
1.462600000000000000e+04
1.565600000000000000e+04
1.629500000000000000e+04
1.476000000000000000e+04
1.540100000000000000e+04
1.692300000000000000e+04
1.553800000000000000e+04
1.424200000000000000e+04
1.415500000000000000e+04
1.431600000000000000e+04
1.574000000000000000e+03
1.648400000000000000e+04
1.572300000000000000e+04
1.445300000000000000e+04
1.650100000000000000e+04
1.521200000000000000e+04
1.504200000000000000e+04
1.465500000000000000e+04
1.721000000000000000e+03
1.412400000000000000e+04
1.526000000000000000e+04
1.513000000000000000e+04
1.616000000000000000e+03
1.710700000000000000e+04
1.499900000000000000e+04
1.523200000000000000e+04
1.413600000000000000e+04
1.482300000000000000e+04
1.416300000000000000e+04
1.504800000000000000e+04
1.470600000000000000e+04
1.407500000000000000e+04
1.546300000000000000e+04
1.578000000000000000e+03
1.549300000000000000e+04
1.532200000000000000e+04
1.473300000000000000e+04
1.452700000000000000e+04
1.423700000000000000e+04
1.429500000000000000e+04
1.435200000000000000e+04
1.483500000000000000e+04
1.482400000000000000e+04
1.479000000000000000e+04
1.697200000000000000e+04
1.539800000000000000e+04
1.643500000000000000e+04
1.579100000000000000e+04
1.449100000000000000e+04
1.431400000000000000e+04
1.517500000000000000e+04
1.493900000000000000e+04
1.530500000000000000e+04
1.408400000000000000e+04
1.512400000000000000e+04
1.470900000000000000e+04
1.726000000000000000e+03
1.545100000000000000e+04
1.429300000000000000e+04
1.712000000000000000e+03
1.488100000000000000e+04
1.668000000000000000e+03
1.619000000000000000e+03
1.602000000000000000e+03
1.621000000000000000e+03
1.690200000000000000e+04
1.677000000000000000e+04
1.461800000000000000e+04
1.604000000000000000e+03
1.627000000000000000e+03
1.416200000000000000e+04
1.659000000000000000e+03
1.497900000000000000e+04
1.548600000000000000e+04
1.537400000000000000e+04
1.476400000000000000e+04
1.418500000000000000e+04
1.406500000000000000e+04
1.464800000000000000e+04
1.546500000000000000e+04
1.623000000000000000e+03
1.427100000000000000e+04
1.422600000000000000e+04
1.608300000000000000e+04
1.573800000000000000e+04
1.406400000000000000e+04
1.433800000000000000e+04
1.501800000000000000e+04
1.432400000000000000e+04
1.568900000000000000e+04
1.650000000000000000e+04
1.614000000000000000e+03
1.588000000000000000e+03
1.681500000000000000e+04
1.630000000000000000e+03
1.436900000000000000e+04
1.491200000000000000e+04
1.516400000000000000e+04
1.407600000000000000e+04
1.587900000000000000e+04
1.488300000000000000e+04
1.712200000000000000e+04
1.505400000000000000e+04
1.619500000000000000e+04
1.516000000000000000e+04
1.456800000000000000e+04
1.572600000000000000e+04
1.673900000000000000e+04
1.703900000000000000e+04
1.479400000000000000e+04
1.507200000000000000e+04
1.563200000000000000e+04
1.429200000000000000e+04
1.596600000000000000e+04
1.414500000000000000e+04
1.680200000000000000e+04
1.456700000000000000e+04
1.453700000000000000e+04
1.680000000000000000e+03
1.434900000000000000e+04
1.420800000000000000e+04
1.506000000000000000e+04
1.409200000000000000e+04
1.416400000000000000e+04
1.518300000000000000e+04
1.485400000000000000e+04
1.439400000000000000e+04
1.440900000000000000e+04
1.626000000000000000e+03
1.542100000000000000e+04
1.644200000000000000e+04
1.702000000000000000e+04
1.461300000000000000e+04
1.507900000000000000e+04
1.412100000000000000e+04
1.543100000000000000e+04
1.590300000000000000e+04
1.428900000000000000e+04
1.478600000000000000e+04
1.456900000000000000e+04
1.647900000000000000e+04
1.575100000000000000e+04
1.563300000000000000e+04
1.431200000000000000e+04
1.617100000000000000e+04
1.714600000000000000e+04
1.427700000000000000e+04
1.592200000000000000e+04
1.469500000000000000e+04
1.527400000000000000e+04
1.654400000000000000e+04
1.588800000000000000e+04
1.610400000000000000e+04
1.600900000000000000e+04
1.424000000000000000e+04
1.503200000000000000e+04
1.547600000000000000e+04
1.633000000000000000e+03
1.583600000000000000e+04
1.505300000000000000e+04
1.585000000000000000e+04
1.603000000000000000e+03
1.581000000000000000e+03
1.468000000000000000e+04
1.552500000000000000e+04
1.641400000000000000e+04
1.728000000000000000e+03
1.404700000000000000e+04
1.640200000000000000e+04
1.670000000000000000e+03
1.665000000000000000e+04
1.493200000000000000e+04
1.418700000000000000e+04
1.704000000000000000e+03
1.477500000000000000e+04
1.571600000000000000e+04
1.521300000000000000e+04
1.573000000000000000e+04
1.516900000000000000e+04
1.688000000000000000e+04
1.521800000000000000e+04
1.715900000000000000e+04
1.421000000000000000e+04
1.443600000000000000e+04
1.556600000000000000e+04
1.510200000000000000e+04
1.414400000000000000e+04
1.578300000000000000e+04
1.490100000000000000e+04
1.511500000000000000e+04
1.528500000000000000e+04
1.430600000000000000e+04
1.711000000000000000e+03
1.423500000000000000e+04
1.690000000000000000e+04
1.629000000000000000e+03
1.655000000000000000e+03
1.637900000000000000e+04
1.412600000000000000e+04
1.685000000000000000e+03
1.433400000000000000e+04
1.435400000000000000e+04
1.413100000000000000e+04
1.553200000000000000e+04
1.530100000000000000e+04
1.696700000000000000e+04
1.497000000000000000e+04
1.486900000000000000e+04
1.645500000000000000e+04
1.555700000000000000e+04
1.418400000000000000e+04
1.409300000000000000e+04
1.523700000000000000e+04
1.542900000000000000e+04
1.562500000000000000e+04
1.630600000000000000e+04
1.498300000000000000e+04
1.569100000000000000e+04
1.443000000000000000e+04
1.533500000000000000e+04
1.701000000000000000e+03
1.488000000000000000e+04
1.417700000000000000e+04
1.590400000000000000e+04
1.525600000000000000e+04
1.627700000000000000e+04
1.548800000000000000e+04
1.479700000000000000e+04
1.487400000000000000e+04
1.702700000000000000e+04
1.516500000000000000e+04
1.427500000000000000e+04
1.709400000000000000e+04
1.435100000000000000e+04
1.593000000000000000e+03
1.571300000000000000e+04
1.405600000000000000e+04
1.409500000000000000e+04
1.498700000000000000e+04
1.414900000000000000e+04
1.704100000000000000e+04
1.428600000000000000e+04
1.470400000000000000e+04
1.410600000000000000e+04
1.552300000000000000e+04
1.467300000000000000e+04
1.441400000000000000e+04
1.577300000000000000e+04
1.644000000000000000e+03
1.438200000000000000e+04
1.465900000000000000e+04
1.426800000000000000e+04
1.498200000000000000e+04
1.667000000000000000e+03
1.518800000000000000e+04
1.463100000000000000e+04
1.422000000000000000e+04
1.541000000000000000e+04
1.440000000000000000e+04
1.455800000000000000e+04
1.503700000000000000e+04
1.500400000000000000e+04
1.611200000000000000e+04
1.524600000000000000e+04
1.483400000000000000e+04
1.651000000000000000e+03
1.527200000000000000e+04
1.467400000000000000e+04
1.453800000000000000e+04
1.723000000000000000e+03
1.714300000000000000e+04
1.573700000000000000e+04
1.712100000000000000e+04
1.414100000000000000e+04
1.495000000000000000e+04
1.535500000000000000e+04
1.445200000000000000e+04
1.447100000000000000e+04
1.507100000000000000e+04
1.461000000000000000e+04
1.445400000000000000e+04
1.493500000000000000e+04
1.421900000000000000e+04
1.578500000000000000e+04
1.709000000000000000e+03
1.463600000000000000e+04
1.639100000000000000e+04
1.511700000000000000e+04
1.424600000000000000e+04
1.510600000000000000e+04
1.513900000000000000e+04
1.654000000000000000e+03
1.491000000000000000e+04
1.693000000000000000e+03
1.547200000000000000e+04
1.503800000000000000e+04
1.427300000000000000e+04
1.406900000000000000e+04
1.618000000000000000e+03
1.491700000000000000e+04
1.527900000000000000e+04
1.454200000000000000e+04
1.479900000000000000e+04
1.504700000000000000e+04
1.461400000000000000e+04
1.487600000000000000e+04
1.505600000000000000e+04
1.477200000000000000e+04
1.456600000000000000e+04
1.558600000000000000e+04
1.560100000000000000e+04
1.484300000000000000e+04
1.704300000000000000e+04
1.586900000000000000e+04
1.432000000000000000e+04
1.553900000000000000e+04
1.567500000000000000e+04
1.490900000000000000e+04
1.448400000000000000e+04
1.474900000000000000e+04
1.595000000000000000e+03
1.579800000000000000e+04
1.561100000000000000e+04
1.500300000000000000e+04
1.453500000000000000e+04
1.594000000000000000e+04
1.543300000000000000e+04
1.523000000000000000e+04
1.471700000000000000e+04
1.466100000000000000e+04
1.479800000000000000e+04
1.533000000000000000e+04
1.430500000000000000e+04
1.550400000000000000e+04
1.511000000000000000e+04
1.472700000000000000e+04
1.509900000000000000e+04
1.532100000000000000e+04
1.447000000000000000e+04
1.565100000000000000e+04
1.600000000000000000e+04
1.658700000000000000e+04
1.416800000000000000e+04
1.526700000000000000e+04
1.432900000000000000e+04
1.417000000000000000e+04
1.411500000000000000e+04
1.517800000000000000e+04
1.609700000000000000e+04
1.656600000000000000e+04
1.415200000000000000e+04
1.714900000000000000e+04
1.487700000000000000e+04
1.404900000000000000e+04
1.416600000000000000e+04
1.679100000000000000e+04
1.675100000000000000e+04
1.443300000000000000e+04
1.420100000000000000e+04
1.519600000000000000e+04
1.555600000000000000e+04
1.407400000000000000e+04
1.474100000000000000e+04
1.477400000000000000e+04
1.697000000000000000e+04
1.551800000000000000e+04
1.573600000000000000e+04
1.582700000000000000e+04
1.500700000000000000e+04
1.541200000000000000e+04
1.648000000000000000e+03
1.562000000000000000e+04
1.515400000000000000e+04
1.463000000000000000e+04
1.490300000000000000e+04
1.483900000000000000e+04
1.427000000000000000e+04
1.484200000000000000e+04
1.707700000000000000e+04
1.442800000000000000e+04
1.453000000000000000e+04
1.432300000000000000e+04
1.416500000000000000e+04
1.628000000000000000e+03
1.580200000000000000e+04
1.629900000000000000e+04
1.600500000000000000e+04
1.502600000000000000e+04
1.573000000000000000e+03
1.430200000000000000e+04
1.425000000000000000e+04
1.458000000000000000e+04
1.460800000000000000e+04
1.551200000000000000e+04
1.478700000000000000e+04
1.450200000000000000e+04
1.438300000000000000e+04
1.653100000000000000e+04
1.590700000000000000e+04
1.491800000000000000e+04
1.672300000000000000e+04
1.475800000000000000e+04
1.464400000000000000e+04
1.664600000000000000e+04
1.459100000000000000e+04
1.626700000000000000e+04
1.714000000000000000e+03
1.466900000000000000e+04
1.722000000000000000e+03
1.716900000000000000e+04
1.459200000000000000e+04
1.415300000000000000e+04
1.493300000000000000e+04
1.419500000000000000e+04
1.720000000000000000e+03
1.483000000000000000e+04
1.415700000000000000e+04
1.534500000000000000e+04
1.425200000000000000e+04
1.561200000000000000e+04
1.682300000000000000e+04
1.415800000000000000e+04
1.716100000000000000e+04
1.488800000000000000e+04
1.432700000000000000e+04
1.490800000000000000e+04
1.546600000000000000e+04
1.588600000000000000e+04
1.554100000000000000e+04
1.713200000000000000e+04
1.640000000000000000e+03
1.419600000000000000e+04
1.616000000000000000e+04
1.506600000000000000e+04
1.465700000000000000e+04
1.523900000000000000e+04
1.486600000000000000e+04
1.560700000000000000e+04
1.499400000000000000e+04
1.458500000000000000e+04
1.583000000000000000e+03
1.411900000000000000e+04
1.510400000000000000e+04
1.421700000000000000e+04
1.640300000000000000e+04
1.414200000000000000e+04
1.437400000000000000e+04
1.446200000000000000e+04
1.413400000000000000e+04
1.727000000000000000e+03
1.601600000000000000e+04
1.430900000000000000e+04
1.586000000000000000e+03
1.427200000000000000e+04
1.560200000000000000e+04
1.689300000000000000e+04
1.418300000000000000e+04
1.666800000000000000e+04
1.663000000000000000e+03
1.444200000000000000e+04
1.647000000000000000e+04
1.511900000000000000e+04
1.567900000000000000e+04
1.562700000000000000e+04
1.454900000000000000e+04
1.440200000000000000e+04
1.506400000000000000e+04
1.705700000000000000e+04
1.619900000000000000e+04
1.575500000000000000e+04
1.655900000000000000e+04
1.652000000000000000e+03
1.564400000000000000e+04
1.650000000000000000e+03
1.442700000000000000e+04
1.488700000000000000e+04
1.529700000000000000e+04
1.549600000000000000e+04
1.714700000000000000e+04
1.456100000000000000e+04
1.622000000000000000e+03
1.582800000000000000e+04
1.480600000000000000e+04
1.566500000000000000e+04
1.684000000000000000e+03
1.421400000000000000e+04
1.549400000000000000e+04
1.654100000000000000e+04
1.467800000000000000e+04
1.665200000000000000e+04
1.519000000000000000e+04
1.469400000000000000e+04
1.543600000000000000e+04
1.685800000000000000e+04
1.620500000000000000e+04
1.517600000000000000e+04
1.507400000000000000e+04
1.479600000000000000e+04
1.658200000000000000e+04
1.563600000000000000e+04
1.575200000000000000e+04
1.671300000000000000e+04
1.529500000000000000e+04
1.429900000000000000e+04
1.416700000000000000e+04
1.499700000000000000e+04
1.480700000000000000e+04
1.717500000000000000e+04
1.522200000000000000e+04
1.596000000000000000e+03
1.548400000000000000e+04
1.662000000000000000e+03
1.581300000000000000e+04
1.463200000000000000e+04
1.431500000000000000e+04
1.548500000000000000e+04
1.423200000000000000e+04
1.417400000000000000e+04
1.438400000000000000e+04
1.556400000000000000e+04
1.426000000000000000e+04
1.543400000000000000e+04
1.437200000000000000e+04
1.612300000000000000e+04
1.499100000000000000e+04
1.549000000000000000e+04
1.536500000000000000e+04
1.459400000000000000e+04
1.526800000000000000e+04
1.411100000000000000e+04
1.459700000000000000e+04
1.412500000000000000e+04
1.535800000000000000e+04
1.434000000000000000e+04
1.461900000000000000e+04
1.710000000000000000e+04
1.646700000000000000e+04
1.627900000000000000e+04
1.413300000000000000e+04
1.526500000000000000e+04
1.475900000000000000e+04
1.540200000000000000e+04
1.486200000000000000e+04
1.655200000000000000e+04
1.708000000000000000e+03
1.525500000000000000e+04
1.519300000000000000e+04
1.410300000000000000e+04
1.715000000000000000e+03
1.433500000000000000e+04
1.478800000000000000e+04
1.611600000000000000e+04
1.467200000000000000e+04
1.532800000000000000e+04
1.689000000000000000e+03
1.494700000000000000e+04
1.461700000000000000e+04
1.446700000000000000e+04
1.526200000000000000e+04
1.451400000000000000e+04
1.491300000000000000e+04
1.467000000000000000e+04
1.442400000000000000e+04
1.705800000000000000e+04
1.599000000000000000e+04
1.582400000000000000e+04
1.405100000000000000e+04
1.524900000000000000e+04
1.711900000000000000e+04
1.584400000000000000e+04
1.503300000000000000e+04
1.404600000000000000e+04
1.576200000000000000e+04
1.503900000000000000e+04
1.501900000000000000e+04
1.430400000000000000e+04
1.557100000000000000e+04
1.444100000000000000e+04
1.713000000000000000e+04
1.586600000000000000e+04
1.416000000000000000e+04
1.690500000000000000e+04
1.462200000000000000e+04
1.631800000000000000e+04
1.486500000000000000e+04
1.406600000000000000e+04
1.406800000000000000e+04
1.473500000000000000e+04
1.683000000000000000e+03
1.503000000000000000e+04
1.516800000000000000e+04
1.522700000000000000e+04
1.417200000000000000e+04
1.489100000000000000e+04
1.413900000000000000e+04
1.488400000000000000e+04
1.429600000000000000e+04
1.432100000000000000e+04
1.490600000000000000e+04
1.485100000000000000e+04
1.642200000000000000e+04
1.577900000000000000e+04
1.465400000000000000e+04
1.679000000000000000e+03
1.522500000000000000e+04
1.500500000000000000e+04
1.665000000000000000e+03
1.501400000000000000e+04
1.634100000000000000e+04
1.557700000000000000e+04
1.448300000000000000e+04
1.571400000000000000e+04
1.419000000000000000e+04
1.681000000000000000e+03
1.659100000000000000e+04
1.576000000000000000e+03
1.519200000000000000e+04
1.688400000000000000e+04
1.414600000000000000e+04
1.543900000000000000e+04
1.710100000000000000e+04
1.520800000000000000e+04
1.412300000000000000e+04
1.520900000000000000e+04
1.446600000000000000e+04
1.550000000000000000e+04
1.545300000000000000e+04
1.441800000000000000e+04
1.660000000000000000e+04
1.436700000000000000e+04
1.436300000000000000e+04
1.421300000000000000e+04
1.554200000000000000e+04
1.413000000000000000e+04
1.412000000000000000e+04
1.444700000000000000e+04
1.447200000000000000e+04
1.529900000000000000e+04
1.427600000000000000e+04
1.608000000000000000e+03
1.547700000000000000e+04
1.541600000000000000e+04
1.633600000000000000e+04
1.569900000000000000e+04
1.531900000000000000e+04
1.548100000000000000e+04
1.426600000000000000e+04
1.576700000000000000e+04
1.625800000000000000e+04
1.591000000000000000e+03
1.467700000000000000e+04
1.554300000000000000e+04
1.467900000000000000e+04
1.499200000000000000e+04
1.689400000000000000e+04
1.424500000000000000e+04
1.499300000000000000e+04
1.536400000000000000e+04
1.434600000000000000e+04
1.631000000000000000e+03
1.658000000000000000e+03
1.432600000000000000e+04
1.661900000000000000e+04
1.575000000000000000e+04
1.466400000000000000e+04
1.412800000000000000e+04
1.419800000000000000e+04
1.455400000000000000e+04
1.578900000000000000e+04
1.707000000000000000e+04
1.580000000000000000e+03
1.510500000000000000e+04
1.641000000000000000e+03
1.434200000000000000e+04
1.629600000000000000e+04
1.671000000000000000e+03
1.628000000000000000e+04
1.523500000000000000e+04
1.513200000000000000e+04
1.661000000000000000e+03
1.406300000000000000e+04
1.610800000000000000e+04
1.705000000000000000e+03
1.707100000000000000e+04
1.469800000000000000e+04
1.609000000000000000e+03
1.652600000000000000e+04
1.666000000000000000e+03
1.505200000000000000e+04
1.658600000000000000e+04
1.411700000000000000e+04
1.535200000000000000e+04
1.515200000000000000e+04
1.455900000000000000e+04
1.612000000000000000e+03
1.501500000000000000e+04
1.456400000000000000e+04
1.600000000000000000e+03
1.510100000000000000e+04
1.473400000000000000e+04
1.694000000000000000e+03
1.543200000000000000e+04
1.481900000000000000e+04
1.685600000000000000e+04
1.544500000000000000e+04
1.559900000000000000e+04
1.423400000000000000e+04
1.485200000000000000e+04
1.492400000000000000e+04
1.427400000000000000e+04
1.414300000000000000e+04
1.481500000000000000e+04
1.486400000000000000e+04
1.508000000000000000e+04
1.468100000000000000e+04
1.473800000000000000e+04
1.451000000000000000e+04
1.424900000000000000e+04
1.414000000000000000e+04
1.437000000000000000e+04
1.696000000000000000e+03
1.409800000000000000e+04
1.409900000000000000e+04
1.478400000000000000e+04
1.444800000000000000e+04
1.673100000000000000e+04
1.527300000000000000e+04
1.635700000000000000e+04
1.450300000000000000e+04
1.565400000000000000e+04
1.443500000000000000e+04
1.557900000000000000e+04
1.710000000000000000e+03
1.420200000000000000e+04
1.527800000000000000e+04
1.555300000000000000e+04
1.512700000000000000e+04
1.435000000000000000e+04
1.716600000000000000e+04
1.417100000000000000e+04
1.645000000000000000e+03
1.512100000000000000e+04
1.610000000000000000e+03
1.530200000000000000e+04
1.408500000000000000e+04
1.678000000000000000e+03
1.468900000000000000e+04
1.516600000000000000e+04
1.522900000000000000e+04
1.707400000000000000e+04
1.477800000000000000e+04
1.430700000000000000e+04
1.579900000000000000e+04
1.421600000000000000e+04
1.420000000000000000e+04
1.532600000000000000e+04
1.715300000000000000e+04
1.671100000000000000e+04
1.424100000000000000e+04
1.426500000000000000e+04
1.642000000000000000e+03
1.418100000000000000e+04
1.418000000000000000e+04
1.444300000000000000e+04
1.445500000000000000e+04
1.691000000000000000e+03
1.404300000000000000e+04
1.692900000000000000e+04
1.520000000000000000e+04
1.404400000000000000e+04
1.639000000000000000e+03
1.586500000000000000e+04
1.454300000000000000e+04
1.544600000000000000e+04
1.477000000000000000e+04
1.598000000000000000e+03
1.529200000000000000e+04
1.580600000000000000e+04
1.442200000000000000e+04
1.452900000000000000e+04
1.504400000000000000e+04
1.485700000000000000e+04
1.434800000000000000e+04
1.462900000000000000e+04
1.602800000000000000e+04
1.473700000000000000e+04
1.438100000000000000e+04
1.462300000000000000e+04
1.421100000000000000e+04
1.512800000000000000e+04
1.527700000000000000e+04
1.494100000000000000e+04
1.627600000000000000e+04
1.405300000000000000e+04
1.580700000000000000e+04
1.507300000000000000e+04
1.408000000000000000e+04
1.408800000000000000e+04
1.438600000000000000e+04
1.470100000000000000e+04
1.492800000000000000e+04
1.410500000000000000e+04
1.627100000000000000e+04
1.484900000000000000e+04
1.551300000000000000e+04
1.584100000000000000e+04
1.482200000000000000e+04
1.504600000000000000e+04
1.590000000000000000e+03
1.624000000000000000e+03
1.424400000000000000e+04
1.468300000000000000e+04
1.411300000000000000e+04
1.635200000000000000e+04
1.415100000000000000e+04
1.437900000000000000e+04
1.404800000000000000e+04
1.429700000000000000e+04
1.446300000000000000e+04
1.472100000000000000e+04
1.676000000000000000e+03
1.438800000000000000e+04
1.646000000000000000e+03
1.438700000000000000e+04
1.556500000000000000e+04
1.544100000000000000e+04
1.452500000000000000e+04
1.481000000000000000e+04
1.713000000000000000e+03
1.449400000000000000e+04
1.469000000000000000e+04
1.422500000000000000e+04
1.504000000000000000e+04
1.682000000000000000e+03
1.718400000000000000e+04
1.484500000000000000e+04
1.718100000000000000e+04
1.606700000000000000e+04
1.587800000000000000e+04
1.619300000000000000e+04
1.407000000000000000e+04
1.466200000000000000e+04
1.501100000000000000e+04
1.472600000000000000e+04
1.682400000000000000e+04
1.652700000000000000e+04
1.463700000000000000e+04
1.593400000000000000e+04
1.557800000000000000e+04
1.716500000000000000e+04
1.411800000000000000e+04
1.532500000000000000e+04
1.492600000000000000e+04
1.567100000000000000e+04
1.493100000000000000e+04
1.680800000000000000e+04
1.524400000000000000e+04
1.468600000000000000e+04
1.460500000000000000e+04
1.686000000000000000e+03
1.426100000000000000e+04
1.425800000000000000e+04
1.540300000000000000e+04
1.432800000000000000e+04
1.453100000000000000e+04
1.552200000000000000e+04
1.440300000000000000e+04
1.499500000000000000e+04
1.460300000000000000e+04
1.440400000000000000e+04
1.504500000000000000e+04
1.514100000000000000e+04
1.508100000000000000e+04
1.545900000000000000e+04
1.577800000000000000e+04
1.444600000000000000e+04
1.556900000000000000e+04
1.531000000000000000e+04
1.479500000000000000e+04
1.703000000000000000e+03
1.458100000000000000e+04
1.717000000000000000e+03
1.474200000000000000e+04
1.520700000000000000e+04
1.532700000000000000e+04
1.544000000000000000e+04
1.509500000000000000e+04
1.465300000000000000e+04
1.481400000000000000e+04
1.495500000000000000e+04
1.423600000000000000e+04
1.451800000000000000e+04
1.409600000000000000e+04
1.493800000000000000e+04
1.410400000000000000e+04
1.631200000000000000e+04
1.417600000000000000e+04
1.593300000000000000e+04
1.662900000000000000e+04
1.653000000000000000e+03
1.512200000000000000e+04
1.407700000000000000e+04
1.435800000000000000e+04
1.472500000000000000e+04
1.566700000000000000e+04
1.502500000000000000e+04
1.410700000000000000e+04
1.618300000000000000e+04
1.408600000000000000e+04
1.408900000000000000e+04
1.442300000000000000e+04
1.587300000000000000e+04
1.447500000000000000e+04
1.537800000000000000e+04
1.532000000000000000e+04
1.677000000000000000e+03
1.485000000000000000e+04
1.409000000000000000e+04
1.533800000000000000e+04
1.619600000000000000e+04
1.424800000000000000e+04
1.451300000000000000e+04
1.716300000000000000e+04
1.504900000000000000e+04
1.585600000000000000e+04
1.550800000000000000e+04
1.489900000000000000e+04
1.447900000000000000e+04
1.548000000000000000e+04
1.430000000000000000e+04
1.433600000000000000e+04
1.506700000000000000e+04
1.557600000000000000e+04
1.559800000000000000e+04
1.549900000000000000e+04
1.713400000000000000e+04
1.405200000000000000e+04
1.660000000000000000e+03
1.458700000000000000e+04
1.442000000000000000e+04
1.414700000000000000e+04
1.515800000000000000e+04
1.462500000000000000e+04
1.581100000000000000e+04
1.434500000000000000e+04
1.626400000000000000e+04
1.457300000000000000e+04
1.492300000000000000e+04
1.418600000000000000e+04
1.413800000000000000e+04
1.442900000000000000e+04
1.476100000000000000e+04
1.527500000000000000e+04
1.454600000000000000e+04
1.515700000000000000e+04
1.715200000000000000e+04
1.575000000000000000e+03
1.457900000000000000e+04
1.420300000000000000e+04
1.549700000000000000e+04
1.503100000000000000e+04
1.425700000000000000e+04
1.699000000000000000e+03
1.495700000000000000e+04
1.672400000000000000e+04
1.636000000000000000e+03
1.550600000000000000e+04
1.408200000000000000e+04
1.611100000000000000e+04
1.410800000000000000e+04
1.604200000000000000e+04
1.697500000000000000e+04
1.490000000000000000e+04
1.671600000000000000e+04
1.533100000000000000e+04
1.714500000000000000e+04
1.549100000000000000e+04
1.474300000000000000e+04
1.516100000000000000e+04
1.707000000000000000e+03
1.519500000000000000e+04
1.573300000000000000e+04
1.471900000000000000e+04
1.405900000000000000e+04
1.439900000000000000e+04
1.547500000000000000e+04
1.538100000000000000e+04
1.567200000000000000e+04
1.656000000000000000e+03
1.466000000000000000e+04
1.579000000000000000e+03
1.419400000000000000e+04
1.607000000000000000e+03
1.568400000000000000e+04
1.445900000000000000e+04
1.521700000000000000e+04
1.433000000000000000e+04
1.724000000000000000e+03
1.606100000000000000e+04
1.550100000000000000e+04
1.620000000000000000e+03
1.471000000000000000e+04
1.419200000000000000e+04
1.594300000000000000e+04
1.425400000000000000e+04
1.600300000000000000e+04
1.490400000000000000e+04
1.480900000000000000e+04
1.513100000000000000e+04
1.509800000000000000e+04
1.507700000000000000e+04
1.407900000000000000e+04
1.495200000000000000e+04
1.594800000000000000e+04
1.462100000000000000e+04
1.480300000000000000e+04
1.459300000000000000e+04
1.545600000000000000e+04
1.481800000000000000e+04
1.465000000000000000e+04
1.580300000000000000e+04
1.669000000000000000e+03
1.634000000000000000e+03
1.714400000000000000e+04
1.408700000000000000e+04
1.518500000000000000e+04
1.455600000000000000e+04
1.406000000000000000e+04
1.500900000000000000e+04
1.439000000000000000e+04
1.577000000000000000e+03
1.405800000000000000e+04
1.415400000000000000e+04
1.588500000000000000e+04
1.428000000000000000e+04
1.475300000000000000e+04
1.446500000000000000e+04
1.411600000000000000e+04
1.542000000000000000e+04
1.444500000000000000e+04
1.613000000000000000e+03
1.450600000000000000e+04
1.658000000000000000e+04
1.497100000000000000e+04
1.624700000000000000e+04
1.649000000000000000e+04
1.443400000000000000e+04
1.475400000000000000e+04
1.464200000000000000e+04
1.495300000000000000e+04
1.537200000000000000e+04
1.493400000000000000e+04
1.480400000000000000e+04
1.438500000000000000e+04
1.589000000000000000e+03
1.409100000000000000e+04
1.405700000000000000e+04
1.686700000000000000e+04
1.606500000000000000e+04
1.542200000000000000e+04
1.429000000000000000e+04
1.556000000000000000e+04
1.451200000000000000e+04
1.497700000000000000e+04
1.422700000000000000e+04
1.531200000000000000e+04
1.478000000000000000e+04
1.574100000000000000e+04
1.553400000000000000e+04
1.696200000000000000e+04
1.535700000000000000e+04
1.535600000000000000e+04
1.691300000000000000e+04
1.534800000000000000e+04
1.476500000000000000e+04
1.591800000000000000e+04
1.574800000000000000e+04
1.468800000000000000e+04
1.418200000000000000e+04
1.462700000000000000e+04
1.488500000000000000e+04
1.411000000000000000e+04
1.406700000000000000e+04
1.426900000000000000e+04
1.430800000000000000e+04
1.450500000000000000e+04
1.417500000000000000e+04
1.586800000000000000e+04
1.508500000000000000e+04
1.454800000000000000e+04
1.554700000000000000e+04
1.431300000000000000e+04
1.475200000000000000e+04
1.494300000000000000e+04
1.516200000000000000e+04
1.419700000000000000e+04
1.559000000000000000e+04
1.670700000000000000e+04
1.405500000000000000e+04
1.603300000000000000e+04
1.407200000000000000e+04
1.672000000000000000e+03
1.501000000000000000e+04
1.457200000000000000e+04
1.413700000000000000e+04
1.448100000000000000e+04
1.436600000000000000e+04
1.470800000000000000e+04
1.525000000000000000e+04
1.513300000000000000e+04
1.615000000000000000e+03
1.537500000000000000e+04
1.523800000000000000e+04
1.435500000000000000e+04
1.688900000000000000e+04
1.522000000000000000e+04
1.489300000000000000e+04
1.434700000000000000e+04
1.418800000000000000e+04
1.581000000000000000e+04
1.718000000000000000e+03
1.474500000000000000e+04
1.599000000000000000e+03
1.544400000000000000e+04
1.472000000000000000e+04
1.716400000000000000e+04
1.431000000000000000e+04
1.714800000000000000e+04
1.692000000000000000e+03
1.640100000000000000e+04
1.470700000000000000e+04
1.673600000000000000e+04
1.488600000000000000e+04
1.471200000000000000e+04
1.477700000000000000e+04
1.702000000000000000e+03
1.448500000000000000e+04
1.496900000000000000e+04
1.519700000000000000e+04
1.477300000000000000e+04
1.466500000000000000e+04
1.459000000000000000e+04
1.510700000000000000e+04
1.528900000000000000e+04
1.407100000000000000e+04
1.421800000000000000e+04
1.463400000000000000e+04
1.496300000000000000e+04
1.618400000000000000e+04
1.431700000000000000e+04
1.543800000000000000e+04
1.654300000000000000e+04
1.459500000000000000e+04
1.434400000000000000e+04
1.458900000000000000e+04
1.597000000000000000e+03
1.446000000000000000e+04
1.457800000000000000e+04
1.459900000000000000e+04
1.514000000000000000e+04
1.518200000000000000e+04
1.540600000000000000e+04
1.519800000000000000e+04
1.695000000000000000e+03
1.555100000000000000e+04
1.717200000000000000e+04
1.533600000000000000e+04
1.510800000000000000e+04
1.437700000000000000e+04
1.636200000000000000e+04
1.476900000000000000e+04
1.678700000000000000e+04
1.448000000000000000e+04
1.411200000000000000e+04
1.644400000000000000e+04
1.544900000000000000e+04
1.568500000000000000e+04
1.725000000000000000e+03
1.653700000000000000e+04
1.443700000000000000e+04
1.485900000000000000e+04
1.717700000000000000e+04
1.577500000000000000e+04
1.663100000000000000e+04
1.608200000000000000e+04
1.467600000000000000e+04
1.487500000000000000e+04
1.430100000000000000e+04
1.657800000000000000e+04
1.531500000000000000e+04
1.708400000000000000e+04
1.680400000000000000e+04
1.426300000000000000e+04
1.526600000000000000e+04
1.412900000000000000e+04
1.617000000000000000e+03
1.562600000000000000e+04
1.424300000000000000e+04
1.517400000000000000e+04
1.651200000000000000e+04
