2.627500000000000000e+04
2.535800000000000000e+04
2.536400000000000000e+04
2.532900000000000000e+04
2.689600000000000000e+04
2.585000000000000000e+04
2.659700000000000000e+04
2.741000000000000000e+03
2.682300000000000000e+04
2.606100000000000000e+04
2.693500000000000000e+04
2.685700000000000000e+04
2.587200000000000000e+04
2.455100000000000000e+04
2.646200000000000000e+04
2.498000000000000000e+04
2.643700000000000000e+04
2.464800000000000000e+04
2.452500000000000000e+04
2.517400000000000000e+04
2.657900000000000000e+04
2.479400000000000000e+04
2.488800000000000000e+04
2.634400000000000000e+04
2.476400000000000000e+04
2.634700000000000000e+04
2.546500000000000000e+04
2.559200000000000000e+04
2.408700000000000000e+04
2.402300000000000000e+04
2.580600000000000000e+04
2.602000000000000000e+04
2.497400000000000000e+04
2.554400000000000000e+04
2.642300000000000000e+04
2.628100000000000000e+04
2.524000000000000000e+04
2.603900000000000000e+04
2.592800000000000000e+04
2.561100000000000000e+04
2.404400000000000000e+04
2.625500000000000000e+04
2.439000000000000000e+04
2.512500000000000000e+04
2.583000000000000000e+04
2.550100000000000000e+04
2.643900000000000000e+04
2.512400000000000000e+04
2.531800000000000000e+04
2.519000000000000000e+04
2.536100000000000000e+04
2.432200000000000000e+04
2.448800000000000000e+04
2.557300000000000000e+04
2.610800000000000000e+04
2.568300000000000000e+04
2.534800000000000000e+04
2.621100000000000000e+04
2.645100000000000000e+04
2.678300000000000000e+04
2.657600000000000000e+04
2.415000000000000000e+04
2.405700000000000000e+04
2.451100000000000000e+04
2.962000000000000000e+03
2.649300000000000000e+04
2.540700000000000000e+04
2.879000000000000000e+03
2.568900000000000000e+04
2.457800000000000000e+04
2.482600000000000000e+04
2.686400000000000000e+04
2.496300000000000000e+04
2.628300000000000000e+04
2.458600000000000000e+04
2.752000000000000000e+03
2.637900000000000000e+04
2.421600000000000000e+04
2.565400000000000000e+04
2.677800000000000000e+04
2.484400000000000000e+04
2.489600000000000000e+04
2.666200000000000000e+04
2.465900000000000000e+04
2.639600000000000000e+04
2.977000000000000000e+03
2.598700000000000000e+04
3.002000000000000000e+03
2.855000000000000000e+03
2.941000000000000000e+03
2.577500000000000000e+04
2.504700000000000000e+04
2.681600000000000000e+04
2.575400000000000000e+04
2.582800000000000000e+04
2.576000000000000000e+04
2.500500000000000000e+04
2.690900000000000000e+04
2.482400000000000000e+04
2.538700000000000000e+04
2.572200000000000000e+04
2.481400000000000000e+04
2.513200000000000000e+04
2.534300000000000000e+04
2.640400000000000000e+04
2.523900000000000000e+04
2.586700000000000000e+04
2.669800000000000000e+04
2.590600000000000000e+04
2.637100000000000000e+04
2.599900000000000000e+04
2.464400000000000000e+04
2.417600000000000000e+04
2.546000000000000000e+04
2.531200000000000000e+04
2.642500000000000000e+04
2.565900000000000000e+04
2.418800000000000000e+04
2.465000000000000000e+04
2.588300000000000000e+04
2.526800000000000000e+04
2.756000000000000000e+03
2.562200000000000000e+04
2.624000000000000000e+04
2.489000000000000000e+04
2.399200000000000000e+04
2.546200000000000000e+04
2.586100000000000000e+04
2.425300000000000000e+04
2.457700000000000000e+04
2.551300000000000000e+04
2.453800000000000000e+04
2.635100000000000000e+04
2.533900000000000000e+04
2.499400000000000000e+04
2.588100000000000000e+04
2.528800000000000000e+04
2.634500000000000000e+04
2.626800000000000000e+04
2.626100000000000000e+04
2.576400000000000000e+04
2.611400000000000000e+04
2.654400000000000000e+04
2.683000000000000000e+03
2.558500000000000000e+04
2.470200000000000000e+04
2.437200000000000000e+04
2.479800000000000000e+04
2.610700000000000000e+04
2.663900000000000000e+04
2.443400000000000000e+04
2.550800000000000000e+04
2.684500000000000000e+04
2.507200000000000000e+04
2.502400000000000000e+04
2.468500000000000000e+04
2.558000000000000000e+04
2.986000000000000000e+03
2.596700000000000000e+04
2.404900000000000000e+04
2.398000000000000000e+04
2.417000000000000000e+04
2.423200000000000000e+04
2.679400000000000000e+04
2.444700000000000000e+04
2.938000000000000000e+03
2.680500000000000000e+04
2.928000000000000000e+03
2.617000000000000000e+04
2.474700000000000000e+04
2.418400000000000000e+04
2.406500000000000000e+04
2.462000000000000000e+04
2.505300000000000000e+04
2.689000000000000000e+04
2.489500000000000000e+04
2.840000000000000000e+03
2.528000000000000000e+04
2.562600000000000000e+04
2.583100000000000000e+04
2.618800000000000000e+04
2.484600000000000000e+04
2.662300000000000000e+04
2.585600000000000000e+04
3.007000000000000000e+03
2.507800000000000000e+04
2.910000000000000000e+03
2.649800000000000000e+04
2.456500000000000000e+04
2.448100000000000000e+04
2.509800000000000000e+04
2.907000000000000000e+03
2.600700000000000000e+04
2.411600000000000000e+04
2.417500000000000000e+04
2.647300000000000000e+04
2.819000000000000000e+03
2.608700000000000000e+04
2.518900000000000000e+04
2.541700000000000000e+04
2.633800000000000000e+04
2.694600000000000000e+04
2.483700000000000000e+04
2.890000000000000000e+03
2.585400000000000000e+04
2.476900000000000000e+04
2.687500000000000000e+04
2.773000000000000000e+03
2.687200000000000000e+04
2.622300000000000000e+04
2.597400000000000000e+04
2.630000000000000000e+04
2.604000000000000000e+04
2.678100000000000000e+04
2.459800000000000000e+04
2.673300000000000000e+04
2.442000000000000000e+04
2.494100000000000000e+04
2.640200000000000000e+04
2.689400000000000000e+04
2.567800000000000000e+04
2.420400000000000000e+04
2.603200000000000000e+04
2.543500000000000000e+04
2.695400000000000000e+04
2.549900000000000000e+04
2.574100000000000000e+04
2.547200000000000000e+04
2.400400000000000000e+04
2.678500000000000000e+04
2.413300000000000000e+04
2.664600000000000000e+04
2.489900000000000000e+04
2.490200000000000000e+04
2.432700000000000000e+04
2.531000000000000000e+04
2.688900000000000000e+04
2.544800000000000000e+04
2.527700000000000000e+04
2.560000000000000000e+04
2.624700000000000000e+04
2.474200000000000000e+04
2.458000000000000000e+04
2.591900000000000000e+04
2.501100000000000000e+04
2.469800000000000000e+04
2.836000000000000000e+03
2.495200000000000000e+04
2.558100000000000000e+04
2.553900000000000000e+04
2.573000000000000000e+04
2.617700000000000000e+04
2.692600000000000000e+04
2.536900000000000000e+04
2.622400000000000000e+04
2.681000000000000000e+04
2.563100000000000000e+04
2.587900000000000000e+04
2.657000000000000000e+04
2.541200000000000000e+04
2.578900000000000000e+04
2.590200000000000000e+04
2.556000000000000000e+04
2.664800000000000000e+04
2.570800000000000000e+04
2.623500000000000000e+04
2.687300000000000000e+04
2.495700000000000000e+04
2.403600000000000000e+04
2.475600000000000000e+04
2.468200000000000000e+04
2.489300000000000000e+04
2.688400000000000000e+04
2.486900000000000000e+04
2.436100000000000000e+04
2.438600000000000000e+04
2.650700000000000000e+04
2.960000000000000000e+03
2.424400000000000000e+04
2.584200000000000000e+04
2.619000000000000000e+04
2.594200000000000000e+04
2.692100000000000000e+04
2.470100000000000000e+04
2.460300000000000000e+04
2.641300000000000000e+04
2.606800000000000000e+04
2.491700000000000000e+04
2.534500000000000000e+04
2.599500000000000000e+04
2.463200000000000000e+04
2.646000000000000000e+04
2.557100000000000000e+04
2.594000000000000000e+04
2.676100000000000000e+04
2.675800000000000000e+04
2.599300000000000000e+04
2.641100000000000000e+04
2.615100000000000000e+04
2.683700000000000000e+04
2.600500000000000000e+04
2.672800000000000000e+04
2.407900000000000000e+04
2.645500000000000000e+04
2.424500000000000000e+04
2.446000000000000000e+04
2.569400000000000000e+04
2.494700000000000000e+04
2.498600000000000000e+04
2.644800000000000000e+04
2.636600000000000000e+04
2.484300000000000000e+04
2.488700000000000000e+04
2.605300000000000000e+04
2.614800000000000000e+04
2.482500000000000000e+04
2.662500000000000000e+04
2.556100000000000000e+04
2.661500000000000000e+04
2.687900000000000000e+04
2.545100000000000000e+04
2.567000000000000000e+04
2.497500000000000000e+04
2.659100000000000000e+04
2.653300000000000000e+04
2.592000000000000000e+04
2.625300000000000000e+04
2.683800000000000000e+04
2.979000000000000000e+03
2.541400000000000000e+04
2.629400000000000000e+04
2.462300000000000000e+04
2.569300000000000000e+04
2.513000000000000000e+04
2.397700000000000000e+04
2.410500000000000000e+04
2.682200000000000000e+04
2.430000000000000000e+04
2.795000000000000000e+03
2.830000000000000000e+03
2.506600000000000000e+04
2.449400000000000000e+04
2.552300000000000000e+04
2.610900000000000000e+04
2.424900000000000000e+04
2.433300000000000000e+04
2.454600000000000000e+04
2.480600000000000000e+04
2.453000000000000000e+04
2.466400000000000000e+04
2.796000000000000000e+03
2.687600000000000000e+04
2.477300000000000000e+04
2.548800000000000000e+04
2.694800000000000000e+04
2.645000000000000000e+04
2.596200000000000000e+04
2.515300000000000000e+04
2.676300000000000000e+04
2.517900000000000000e+04
2.582000000000000000e+04
2.626600000000000000e+04
2.594300000000000000e+04
2.832000000000000000e+03
2.664700000000000000e+04
2.541000000000000000e+04
2.437600000000000000e+04
2.750000000000000000e+03
2.563300000000000000e+04
2.539200000000000000e+04
2.585500000000000000e+04
2.493700000000000000e+04
2.671100000000000000e+04
2.727000000000000000e+03
2.566000000000000000e+04
2.535200000000000000e+04
2.690100000000000000e+04
2.401000000000000000e+04
2.531700000000000000e+04
2.969000000000000000e+03
2.576900000000000000e+04
2.578700000000000000e+04
2.462400000000000000e+04
2.539300000000000000e+04
2.593600000000000000e+04
2.486400000000000000e+04
2.541300000000000000e+04
2.690300000000000000e+04
2.504600000000000000e+04
2.594100000000000000e+04
2.443800000000000000e+04
2.538400000000000000e+04
2.691900000000000000e+04
2.680300000000000000e+04
2.639700000000000000e+04
2.460900000000000000e+04
2.460100000000000000e+04
2.739000000000000000e+03
2.441900000000000000e+04
2.575500000000000000e+04
2.556700000000000000e+04
2.420500000000000000e+04
2.676800000000000000e+04
2.555100000000000000e+04
2.529000000000000000e+04
2.482900000000000000e+04
2.420800000000000000e+04
2.473500000000000000e+04
2.600900000000000000e+04
2.675300000000000000e+04
2.400300000000000000e+04
2.520700000000000000e+04
2.633300000000000000e+04
2.530500000000000000e+04
2.445500000000000000e+04
2.502100000000000000e+04
2.491300000000000000e+04
2.675900000000000000e+04
2.519300000000000000e+04
2.627400000000000000e+04
2.519900000000000000e+04
2.466900000000000000e+04
2.495400000000000000e+04
2.487900000000000000e+04
2.501800000000000000e+04
2.632200000000000000e+04
2.667400000000000000e+04
2.646800000000000000e+04
2.410400000000000000e+04
2.628000000000000000e+04
2.686000000000000000e+04
2.668000000000000000e+04
2.441200000000000000e+04
2.584400000000000000e+04
2.555900000000000000e+04
2.625700000000000000e+04
2.572100000000000000e+04
2.587600000000000000e+04
2.467800000000000000e+04
2.695300000000000000e+04
2.643100000000000000e+04
2.450700000000000000e+04
2.553100000000000000e+04
2.615800000000000000e+04
2.520400000000000000e+04
2.519500000000000000e+04
2.777000000000000000e+03
2.525900000000000000e+04
2.486500000000000000e+04
2.650400000000000000e+04
2.809000000000000000e+03
2.403200000000000000e+04
2.545000000000000000e+04
2.696200000000000000e+04
2.485900000000000000e+04
2.462500000000000000e+04
2.668400000000000000e+04
2.526200000000000000e+04
2.614500000000000000e+04
2.461600000000000000e+04
2.679000000000000000e+04
2.624800000000000000e+04
2.937000000000000000e+03
2.554000000000000000e+04
2.648000000000000000e+04
2.660200000000000000e+04
2.427000000000000000e+04
2.478300000000000000e+04
2.639100000000000000e+04
2.482200000000000000e+04
2.553500000000000000e+04
2.965000000000000000e+03
2.445800000000000000e+04
2.447800000000000000e+04
2.424700000000000000e+04
2.582200000000000000e+04
2.401800000000000000e+04
2.426400000000000000e+04
2.558200000000000000e+04
2.650800000000000000e+04
2.599800000000000000e+04
2.677900000000000000e+04
2.492200000000000000e+04
2.674900000000000000e+04
2.458700000000000000e+04
2.683600000000000000e+04
2.663300000000000000e+04
2.952000000000000000e+03
2.651100000000000000e+04
2.651900000000000000e+04
2.582300000000000000e+04
2.540500000000000000e+04
2.712000000000000000e+03
2.587500000000000000e+04
2.576200000000000000e+04
2.397900000000000000e+04
2.624900000000000000e+04
2.557700000000000000e+04
2.396800000000000000e+04
2.472000000000000000e+04
2.437700000000000000e+04
2.467100000000000000e+04
2.606300000000000000e+04
2.603700000000000000e+04
2.500900000000000000e+04
2.615900000000000000e+04
2.540900000000000000e+04
2.661600000000000000e+04
2.500800000000000000e+04
2.478200000000000000e+04
2.668600000000000000e+04
2.479100000000000000e+04
2.584000000000000000e+04
2.721000000000000000e+03
2.461000000000000000e+04
2.555200000000000000e+04
2.570700000000000000e+04
2.688000000000000000e+04
2.579500000000000000e+04
2.664200000000000000e+04
2.590400000000000000e+04
2.413400000000000000e+04
2.616200000000000000e+04
2.441300000000000000e+04
2.589200000000000000e+04
2.487600000000000000e+04
2.420200000000000000e+04
2.503000000000000000e+04
2.988000000000000000e+03
2.693200000000000000e+04
2.641200000000000000e+04
2.569000000000000000e+04
2.456100000000000000e+04
2.418200000000000000e+04
2.455500000000000000e+04
2.618400000000000000e+04
2.445900000000000000e+04
2.584100000000000000e+04
2.507500000000000000e+04
2.559900000000000000e+04
2.653000000000000000e+04
2.440700000000000000e+04
2.691200000000000000e+04
2.501700000000000000e+04
2.757000000000000000e+03
2.513500000000000000e+04
2.530300000000000000e+04
2.512800000000000000e+04
2.530900000000000000e+04
2.610100000000000000e+04
2.447400000000000000e+04
2.604400000000000000e+04
2.510500000000000000e+04
2.511400000000000000e+04
2.429400000000000000e+04
2.621800000000000000e+04
2.552900000000000000e+04
2.431100000000000000e+04
2.868000000000000000e+03
2.529700000000000000e+04
2.599100000000000000e+04
2.612300000000000000e+04
2.466800000000000000e+04
2.429500000000000000e+04
2.666800000000000000e+04
2.560200000000000000e+04
2.692200000000000000e+04
2.997000000000000000e+03
2.684100000000000000e+04
2.401200000000000000e+04
2.693000000000000000e+03
2.616900000000000000e+04
2.691000000000000000e+04
2.468600000000000000e+04
2.635500000000000000e+04
2.542400000000000000e+04
2.620000000000000000e+04
2.701000000000000000e+03
2.516700000000000000e+04
2.466300000000000000e+04
2.602700000000000000e+04
2.413900000000000000e+04
2.465700000000000000e+04
2.530600000000000000e+04
2.426800000000000000e+04
2.572600000000000000e+04
2.805000000000000000e+03
2.399700000000000000e+04
2.479900000000000000e+04
2.454700000000000000e+04
2.605900000000000000e+04
2.509900000000000000e+04
2.460700000000000000e+04
2.584800000000000000e+04
2.688300000000000000e+04
2.431400000000000000e+04
2.658800000000000000e+04
2.678000000000000000e+03
2.686600000000000000e+04
2.475800000000000000e+04
2.422800000000000000e+04
2.532000000000000000e+04
2.582900000000000000e+04
2.430900000000000000e+04
2.484200000000000000e+04
2.413800000000000000e+04
2.520300000000000000e+04
2.514800000000000000e+04
2.914000000000000000e+03
2.434600000000000000e+04
2.476100000000000000e+04
2.580500000000000000e+04
2.454000000000000000e+04
2.604600000000000000e+04
2.572400000000000000e+04
2.490600000000000000e+04
2.612200000000000000e+04
2.472100000000000000e+04
2.691700000000000000e+04
2.660900000000000000e+04
2.679900000000000000e+04
2.615600000000000000e+04
2.524700000000000000e+04
2.445200000000000000e+04
2.474400000000000000e+04
2.789000000000000000e+03
2.516800000000000000e+04
2.538900000000000000e+04
2.788000000000000000e+03
2.494800000000000000e+04
2.538200000000000000e+04
2.631000000000000000e+04
2.672100000000000000e+04
2.502800000000000000e+04
2.558400000000000000e+04
2.434700000000000000e+04
2.433100000000000000e+04
2.557900000000000000e+04
2.484000000000000000e+04
2.569800000000000000e+04
2.487100000000000000e+04
2.604700000000000000e+04
2.607200000000000000e+04
2.989000000000000000e+03
2.433400000000000000e+04
2.624500000000000000e+04
2.567400000000000000e+04
2.613000000000000000e+04
2.630300000000000000e+04
2.877000000000000000e+03
2.568200000000000000e+04
2.626900000000000000e+04
2.492800000000000000e+04
2.555000000000000000e+04
2.702000000000000000e+03
2.517500000000000000e+04
2.838000000000000000e+03
2.430300000000000000e+04
2.462200000000000000e+04
2.603600000000000000e+04
2.654100000000000000e+04
2.623900000000000000e+04
2.458200000000000000e+04
2.751000000000000000e+03
2.655100000000000000e+04
2.676700000000000000e+04
2.496800000000000000e+04
2.441800000000000000e+04
2.433900000000000000e+04
2.649000000000000000e+04
2.526000000000000000e+04
2.435200000000000000e+04
2.463900000000000000e+04
2.694200000000000000e+04
2.532200000000000000e+04
2.661100000000000000e+04
2.685000000000000000e+03
2.683300000000000000e+04
2.431700000000000000e+04
2.551200000000000000e+04
2.484900000000000000e+04
2.476800000000000000e+04
2.450300000000000000e+04
2.415900000000000000e+04
2.586900000000000000e+04
2.661800000000000000e+04
2.493300000000000000e+04
2.396900000000000000e+04
2.581700000000000000e+04
2.685200000000000000e+04
2.514600000000000000e+04
2.646500000000000000e+04
2.479000000000000000e+04
2.598500000000000000e+04
2.619500000000000000e+04
2.571400000000000000e+04
2.582100000000000000e+04
2.408400000000000000e+04
2.402600000000000000e+04
2.467300000000000000e+04
2.524100000000000000e+04
2.632000000000000000e+04
2.671000000000000000e+04
2.548100000000000000e+04
2.667300000000000000e+04
2.688700000000000000e+04
2.515900000000000000e+04
2.459300000000000000e+04
2.571700000000000000e+04
2.430800000000000000e+04
2.668800000000000000e+04
nan
2.658400000000000000e+04
2.437900000000000000e+04
2.645600000000000000e+04
2.475700000000000000e+04
2.452200000000000000e+04
2.660400000000000000e+04
2.600100000000000000e+04
2.707000000000000000e+03
2.630600000000000000e+04
2.529800000000000000e+04
2.548300000000000000e+04
2.475100000000000000e+04
2.442700000000000000e+04
2.663200000000000000e+04
2.575900000000000000e+04
2.955000000000000000e+03
2.504300000000000000e+04
2.609500000000000000e+04
2.674300000000000000e+04
2.459900000000000000e+04
2.591600000000000000e+04
2.543400000000000000e+04
2.595900000000000000e+04
2.427200000000000000e+04
2.409000000000000000e+04
2.463600000000000000e+04
2.403700000000000000e+04
2.523600000000000000e+04
2.600400000000000000e+04
2.775000000000000000e+03
2.488400000000000000e+04
2.564500000000000000e+04
2.697000000000000000e+03
2.506300000000000000e+04
2.655800000000000000e+04
2.748000000000000000e+03
2.403500000000000000e+04
2.677100000000000000e+04
2.499600000000000000e+04
2.535000000000000000e+04
2.517200000000000000e+04
2.542500000000000000e+04
2.559500000000000000e+04
2.475400000000000000e+04
2.806000000000000000e+03
2.674200000000000000e+04
2.588800000000000000e+04
2.826000000000000000e+03
2.416600000000000000e+04
2.957000000000000000e+03
2.555700000000000000e+04
2.647800000000000000e+04
2.520000000000000000e+04
2.461500000000000000e+04
2.521100000000000000e+04
2.904000000000000000e+03
2.547300000000000000e+04
2.511900000000000000e+04
2.657100000000000000e+04
2.564700000000000000e+04
2.690200000000000000e+04
2.987000000000000000e+03
2.474800000000000000e+04
2.682500000000000000e+04
2.524900000000000000e+04
2.645400000000000000e+04
2.517300000000000000e+04
2.534700000000000000e+04
2.476200000000000000e+04
2.421500000000000000e+04
2.661200000000000000e+04
2.437100000000000000e+04
2.883000000000000000e+03
2.683000000000000000e+04
2.488500000000000000e+04
2.546900000000000000e+04
2.861000000000000000e+03
2.542000000000000000e+04
2.613900000000000000e+04
2.647500000000000000e+04
2.515200000000000000e+04
2.484500000000000000e+04
2.564200000000000000e+04
2.594400000000000000e+04
2.616500000000000000e+04
2.654500000000000000e+04
2.535300000000000000e+04
2.481900000000000000e+04
2.572900000000000000e+04
2.554700000000000000e+04
2.633500000000000000e+04
2.493100000000000000e+04
2.550900000000000000e+04
2.517000000000000000e+04
2.456800000000000000e+04
2.592600000000000000e+04
2.668700000000000000e+04
2.694100000000000000e+04
2.577800000000000000e+04
2.404600000000000000e+04
2.669300000000000000e+04
2.839000000000000000e+03
2.674600000000000000e+04
2.408500000000000000e+04
2.573500000000000000e+04
2.419800000000000000e+04
2.417100000000000000e+04
2.648600000000000000e+04
2.577900000000000000e+04
2.505200000000000000e+04
2.402800000000000000e+04
2.464600000000000000e+04
2.578800000000000000e+04
2.653700000000000000e+04
2.660800000000000000e+04
2.500200000000000000e+04
2.514900000000000000e+04
2.641600000000000000e+04
2.622200000000000000e+04
2.557400000000000000e+04
2.781000000000000000e+03
2.503500000000000000e+04
2.665400000000000000e+04
2.442200000000000000e+04
2.695900000000000000e+04
2.649500000000000000e+04
2.461700000000000000e+04
2.639300000000000000e+04
2.714000000000000000e+03
2.817000000000000000e+03
2.516200000000000000e+04
2.532300000000000000e+04
2.645700000000000000e+04
2.423800000000000000e+04
2.753000000000000000e+03
2.586300000000000000e+04
2.635700000000000000e+04
2.567900000000000000e+04
2.590800000000000000e+04
2.469300000000000000e+04
2.470400000000000000e+04
2.488600000000000000e+04
2.663600000000000000e+04
2.648900000000000000e+04
2.638800000000000000e+04
2.661000000000000000e+04
2.606000000000000000e+04
2.399400000000000000e+04
2.644900000000000000e+04
2.614000000000000000e+04
2.694000000000000000e+03
2.469900000000000000e+04
2.605700000000000000e+04
2.650100000000000000e+04
2.466100000000000000e+04
2.673200000000000000e+04
2.663800000000000000e+04
2.463400000000000000e+04
2.670900000000000000e+04
2.576700000000000000e+04
2.441600000000000000e+04
2.886000000000000000e+03
2.600600000000000000e+04
2.635300000000000000e+04
2.513900000000000000e+04
2.430100000000000000e+04
2.606500000000000000e+04
2.480000000000000000e+04
2.427500000000000000e+04
2.453500000000000000e+04
2.516000000000000000e+04
2.539500000000000000e+04
2.573100000000000000e+04
2.899000000000000000e+03
2.567600000000000000e+04
2.467000000000000000e+04
2.516500000000000000e+04
2.537700000000000000e+04
2.598300000000000000e+04
2.734000000000000000e+03
2.511700000000000000e+04
2.520800000000000000e+04
2.456700000000000000e+04
2.563600000000000000e+04
2.586000000000000000e+04
2.431600000000000000e+04
2.608800000000000000e+04
2.927000000000000000e+03
2.420000000000000000e+04
2.522400000000000000e+04
2.537900000000000000e+04
2.536700000000000000e+04
2.671500000000000000e+04
2.593900000000000000e+04
2.648800000000000000e+04
2.659000000000000000e+04
2.639900000000000000e+04
2.674000000000000000e+04
2.401500000000000000e+04
2.984000000000000000e+03
2.429800000000000000e+04
2.407200000000000000e+04
2.629300000000000000e+04
2.631100000000000000e+04
2.574500000000000000e+04
2.408000000000000000e+04
2.649700000000000000e+04
2.672300000000000000e+04
2.445400000000000000e+04
2.429100000000000000e+04
2.498400000000000000e+04
2.405000000000000000e+04
2.539100000000000000e+04
2.616800000000000000e+04
2.588400000000000000e+04
2.440200000000000000e+04
2.546400000000000000e+04
2.640600000000000000e+04
2.687400000000000000e+04
2.533100000000000000e+04
2.476700000000000000e+04
2.457400000000000000e+04
2.616600000000000000e+04
2.535400000000000000e+04
2.453600000000000000e+04
2.528300000000000000e+04
2.463500000000000000e+04
2.462100000000000000e+04
2.724000000000000000e+03
2.597800000000000000e+04
2.620600000000000000e+04
2.681100000000000000e+04
2.655400000000000000e+04
2.611100000000000000e+04
2.533000000000000000e+04
2.665700000000000000e+04
2.590300000000000000e+04
2.536500000000000000e+04
2.575600000000000000e+04
2.409800000000000000e+04
2.655900000000000000e+04
2.767000000000000000e+03
2.543100000000000000e+04
2.638900000000000000e+04
2.470600000000000000e+04
2.992000000000000000e+03
2.615500000000000000e+04
2.665800000000000000e+04
2.518700000000000000e+04
2.943000000000000000e+03
2.624600000000000000e+04
2.556400000000000000e+04
2.504100000000000000e+04
2.613400000000000000e+04
2.420100000000000000e+04
2.525700000000000000e+04
2.509200000000000000e+04
2.607000000000000000e+04
2.682600000000000000e+04
2.625600000000000000e+04
2.486000000000000000e+04
2.495500000000000000e+04
2.498700000000000000e+04
2.442400000000000000e+04
2.729000000000000000e+03
2.403400000000000000e+04
2.578500000000000000e+04
2.670400000000000000e+04
2.606400000000000000e+04
2.442500000000000000e+04
2.502300000000000000e+04
2.644500000000000000e+04
2.413000000000000000e+04
2.593400000000000000e+04
2.658500000000000000e+04
2.551500000000000000e+04
2.512300000000000000e+04
2.511100000000000000e+04
2.526100000000000000e+04
2.511800000000000000e+04
2.418000000000000000e+04
2.588200000000000000e+04
2.418700000000000000e+04
2.523300000000000000e+04
2.680900000000000000e+04
2.501900000000000000e+04
2.619300000000000000e+04
2.400000000000000000e+04
2.620800000000000000e+04
2.617400000000000000e+04
2.688000000000000000e+03
2.550600000000000000e+04
2.456600000000000000e+04
2.534600000000000000e+04
2.463300000000000000e+04
2.570000000000000000e+04
2.545700000000000000e+04
2.664500000000000000e+04
2.637400000000000000e+04
2.618000000000000000e+04
2.445300000000000000e+04
2.623600000000000000e+04
2.934000000000000000e+03
2.408600000000000000e+04
2.609100000000000000e+04
2.667100000000000000e+04
2.407100000000000000e+04
2.690800000000000000e+04
2.860000000000000000e+03
2.499200000000000000e+04
2.646300000000000000e+04
2.542900000000000000e+04
2.552200000000000000e+04
2.618200000000000000e+04
2.649400000000000000e+04
2.626400000000000000e+04
2.516600000000000000e+04
2.483900000000000000e+04
2.671700000000000000e+04
2.413200000000000000e+04
2.693900000000000000e+04
2.551000000000000000e+04
2.725000000000000000e+03
2.505000000000000000e+04
2.695600000000000000e+04
2.536200000000000000e+04
2.695000000000000000e+04
2.660600000000000000e+04
2.496200000000000000e+04
2.592900000000000000e+04
2.626300000000000000e+04
2.611600000000000000e+04
2.465100000000000000e+04
2.566800000000000000e+04
2.695000000000000000e+03
2.993000000000000000e+03
2.564100000000000000e+04
2.408900000000000000e+04
2.517700000000000000e+04
2.675400000000000000e+04
2.995000000000000000e+03
2.423000000000000000e+04
2.592300000000000000e+04
2.589600000000000000e+04
2.560500000000000000e+04
2.894000000000000000e+03
2.454800000000000000e+04
2.627100000000000000e+04
2.440800000000000000e+04
2.653100000000000000e+04
3.004000000000000000e+03
2.607100000000000000e+04
2.553700000000000000e+04
2.512700000000000000e+04
2.643300000000000000e+04
2.623300000000000000e+04
2.411700000000000000e+04
2.421700000000000000e+04
2.524300000000000000e+04
2.692000000000000000e+03
2.471100000000000000e+04
2.488900000000000000e+04
2.405100000000000000e+04
2.864000000000000000e+03
2.779000000000000000e+03
2.667900000000000000e+04
2.634300000000000000e+04
2.650200000000000000e+04
2.604900000000000000e+04
2.458300000000000000e+04
2.426900000000000000e+04
2.631400000000000000e+04
2.608900000000000000e+04
2.580700000000000000e+04
2.398700000000000000e+04
2.755000000000000000e+03
2.547900000000000000e+04
2.406100000000000000e+04
2.590900000000000000e+04
2.639000000000000000e+04
2.402900000000000000e+04
2.514400000000000000e+04
2.439800000000000000e+04
2.435400000000000000e+04
2.407000000000000000e+04
2.636500000000000000e+04
2.435300000000000000e+04
2.534400000000000000e+04
2.687800000000000000e+04
2.905000000000000000e+03
3.006000000000000000e+03
2.434000000000000000e+04
2.939000000000000000e+03
2.610000000000000000e+04
2.428100000000000000e+04
2.650300000000000000e+04
2.667200000000000000e+04
2.662900000000000000e+04
2.506100000000000000e+04
2.731000000000000000e+03
2.422700000000000000e+04
2.414400000000000000e+04
2.577600000000000000e+04
2.584500000000000000e+04
2.822000000000000000e+03
2.631500000000000000e+04
2.480800000000000000e+04
2.485700000000000000e+04
2.568500000000000000e+04
2.522100000000000000e+04
2.416700000000000000e+04
2.401600000000000000e+04
2.591100000000000000e+04
2.552700000000000000e+04
2.405300000000000000e+04
2.648100000000000000e+04
2.621200000000000000e+04
2.405400000000000000e+04
2.624400000000000000e+04
2.444600000000000000e+04
2.555800000000000000e+04
2.492300000000000000e+04
2.973000000000000000e+03
2.437000000000000000e+04
2.684000000000000000e+03
2.408800000000000000e+04
2.509300000000000000e+04
2.607400000000000000e+04
2.691100000000000000e+04
2.406600000000000000e+04
2.811000000000000000e+03
2.548200000000000000e+04
2.510700000000000000e+04
2.563800000000000000e+04
2.662000000000000000e+04
2.810000000000000000e+03
2.967000000000000000e+03
2.876000000000000000e+03
2.544900000000000000e+04
2.432100000000000000e+04
2.602600000000000000e+04
2.570200000000000000e+04
2.615200000000000000e+04
2.463000000000000000e+04
2.443000000000000000e+04
2.959000000000000000e+03
2.557000000000000000e+04
2.433500000000000000e+04
2.663400000000000000e+04
2.548000000000000000e+04
2.434800000000000000e+04
2.605800000000000000e+04
2.437500000000000000e+04
2.580800000000000000e+04
2.670000000000000000e+04
2.587100000000000000e+04
2.664000000000000000e+04
2.853000000000000000e+03
2.552000000000000000e+04
2.408200000000000000e+04
2.538800000000000000e+04
2.465800000000000000e+04
2.585200000000000000e+04
2.615400000000000000e+04
2.411400000000000000e+04
2.485400000000000000e+04
2.537600000000000000e+04
2.596600000000000000e+04
2.416800000000000000e+04
2.471400000000000000e+04
2.456900000000000000e+04
2.569600000000000000e+04
2.483400000000000000e+04
2.579700000000000000e+04
2.935000000000000000e+03
2.692900000000000000e+04
2.441700000000000000e+04
2.602500000000000000e+04
2.592100000000000000e+04
2.556200000000000000e+04
2.422300000000000000e+04
2.582600000000000000e+04
2.689200000000000000e+04
2.654300000000000000e+04
2.446700000000000000e+04
2.432600000000000000e+04
2.629800000000000000e+04
2.591400000000000000e+04
2.574200000000000000e+04
2.621900000000000000e+04
2.581300000000000000e+04
2.442100000000000000e+04
2.464500000000000000e+04
2.478400000000000000e+04
2.682800000000000000e+04
2.671600000000000000e+04
2.911000000000000000e+03
2.459600000000000000e+04
2.639800000000000000e+04
2.688100000000000000e+04
2.414700000000000000e+04
2.561400000000000000e+04
2.511600000000000000e+04
2.525800000000000000e+04
2.915000000000000000e+03
2.454400000000000000e+04
2.596400000000000000e+04
2.680800000000000000e+04
2.644100000000000000e+04
2.624100000000000000e+04
2.947000000000000000e+03
2.575000000000000000e+04
2.655500000000000000e+04
2.606200000000000000e+04
2.480700000000000000e+04
2.514200000000000000e+04
2.583700000000000000e+04
2.985000000000000000e+03
2.636400000000000000e+04
3.000000000000000000e+03
2.435600000000000000e+04
2.599200000000000000e+04
2.628900000000000000e+04
2.913000000000000000e+03
2.968000000000000000e+03
2.399100000000000000e+04
2.843000000000000000e+03
2.490800000000000000e+04
2.846000000000000000e+03
2.471000000000000000e+04
2.629600000000000000e+04
2.686300000000000000e+04
2.630100000000000000e+04
2.440400000000000000e+04
2.815000000000000000e+03
2.931000000000000000e+03
2.400500000000000000e+04
2.552400000000000000e+04
2.447000000000000000e+04
2.646700000000000000e+04
2.591200000000000000e+04
2.609900000000000000e+04
2.661400000000000000e+04
2.411300000000000000e+04
2.613800000000000000e+04
2.686200000000000000e+04
2.662800000000000000e+04
2.676200000000000000e+04
2.666500000000000000e+04
2.414100000000000000e+04
2.561900000000000000e+04
2.668300000000000000e+04
2.614700000000000000e+04
2.799000000000000000e+03
2.679800000000000000e+04
2.432000000000000000e+04
2.434300000000000000e+04
2.640000000000000000e+04
2.713000000000000000e+03
2.611300000000000000e+04
2.693800000000000000e+04
2.635000000000000000e+04
2.556900000000000000e+04
2.692400000000000000e+04
2.651000000000000000e+04
2.516400000000000000e+04
2.588000000000000000e+04
2.656200000000000000e+04
2.672400000000000000e+04
2.503900000000000000e+04
2.586400000000000000e+04
2.562400000000000000e+04
2.550300000000000000e+04
2.453300000000000000e+04
2.684300000000000000e+04
2.483600000000000000e+04
2.672600000000000000e+04
2.448500000000000000e+04
2.523100000000000000e+04
2.456300000000000000e+04
2.659900000000000000e+04
2.631600000000000000e+04
2.499800000000000000e+04
2.473300000000000000e+04
2.820000000000000000e+03
2.885000000000000000e+03
2.398200000000000000e+04
2.529900000000000000e+04
2.686700000000000000e+04
2.807000000000000000e+03
2.862000000000000000e+03
2.608400000000000000e+04
2.506200000000000000e+04
2.455700000000000000e+04
2.472700000000000000e+04
2.425600000000000000e+04
2.631300000000000000e+04
2.591800000000000000e+04
2.497300000000000000e+04
2.600800000000000000e+04
2.453400000000000000e+04
2.685800000000000000e+04
2.576300000000000000e+04
2.568100000000000000e+04
2.634000000000000000e+04
2.418600000000000000e+04
2.919000000000000000e+03
2.497800000000000000e+04
2.507700000000000000e+04
2.589800000000000000e+04
2.417800000000000000e+04
2.412200000000000000e+04
2.564600000000000000e+04
2.441400000000000000e+04
2.533600000000000000e+04
2.472800000000000000e+04
2.665900000000000000e+04
2.679100000000000000e+04
2.612100000000000000e+04
2.652500000000000000e+04
2.659500000000000000e+04
2.438300000000000000e+04
2.485600000000000000e+04
2.477700000000000000e+04
2.656700000000000000e+04
2.525200000000000000e+04
2.691300000000000000e+04
2.430200000000000000e+04
2.446500000000000000e+04
2.521500000000000000e+04
2.576800000000000000e+04
2.561700000000000000e+04
2.616300000000000000e+04
2.638500000000000000e+04
2.651500000000000000e+04
2.483300000000000000e+04
2.566200000000000000e+04
2.610200000000000000e+04
2.920000000000000000e+03
2.689100000000000000e+04
2.538000000000000000e+04
2.951000000000000000e+03
2.636100000000000000e+04
2.528600000000000000e+04
2.481000000000000000e+04
2.642600000000000000e+04
2.506400000000000000e+04
2.617500000000000000e+04
2.612800000000000000e+04
2.746000000000000000e+03
2.681300000000000000e+04
2.564000000000000000e+04
2.527000000000000000e+04
2.715000000000000000e+03
2.803000000000000000e+03
2.516900000000000000e+04
2.530700000000000000e+04
2.430600000000000000e+04
2.526300000000000000e+04
2.574700000000000000e+04
2.499700000000000000e+04
2.684800000000000000e+04
2.684600000000000000e+04
2.660300000000000000e+04
2.670800000000000000e+04
2.508400000000000000e+04
2.564300000000000000e+04
2.401700000000000000e+04
2.609700000000000000e+04
2.457600000000000000e+04
2.550200000000000000e+04
2.413700000000000000e+04
2.673700000000000000e+04
2.961000000000000000e+03
2.676000000000000000e+04
2.642700000000000000e+04
2.640700000000000000e+04
2.467900000000000000e+04
2.503600000000000000e+04
2.624200000000000000e+04
2.545300000000000000e+04
2.403900000000000000e+04
2.502500000000000000e+04
2.460500000000000000e+04
2.498200000000000000e+04
2.669200000000000000e+04
2.468000000000000000e+04
2.560400000000000000e+04
2.472400000000000000e+04
2.451400000000000000e+04
2.564900000000000000e+04
2.481600000000000000e+04
2.589300000000000000e+04
2.503800000000000000e+04
2.999000000000000000e+03
2.508600000000000000e+04
2.420700000000000000e+04
2.505800000000000000e+04
2.695800000000000000e+04
2.605600000000000000e+04
2.569100000000000000e+04
2.623800000000000000e+04
2.404700000000000000e+04
2.597700000000000000e+04
2.656400000000000000e+04
2.559100000000000000e+04
2.412400000000000000e+04
2.425000000000000000e+04
2.597900000000000000e+04
2.604200000000000000e+04
2.568800000000000000e+04
2.616400000000000000e+04
2.512100000000000000e+04
2.429300000000000000e+04
2.488200000000000000e+04
2.430400000000000000e+04
2.647900000000000000e+04
2.525300000000000000e+04
2.416000000000000000e+04
2.591000000000000000e+04
2.982000000000000000e+03
2.672700000000000000e+04
2.439500000000000000e+04
2.972000000000000000e+03
2.590700000000000000e+04
2.649600000000000000e+04
2.682900000000000000e+04
2.541500000000000000e+04
2.518200000000000000e+04
2.410900000000000000e+04
2.476000000000000000e+04
2.658700000000000000e+04
2.420300000000000000e+04
2.578400000000000000e+04
2.498300000000000000e+04
2.412500000000000000e+04
2.566500000000000000e+04
2.469000000000000000e+04
2.410600000000000000e+04
2.464700000000000000e+04
2.593200000000000000e+04
2.698000000000000000e+03
2.409700000000000000e+04
2.499100000000000000e+04
2.652900000000000000e+04
2.692300000000000000e+04
2.491000000000000000e+04
2.821000000000000000e+03
2.522500000000000000e+04
2.736000000000000000e+03
2.584600000000000000e+04
2.964000000000000000e+03
2.606600000000000000e+04
2.681900000000000000e+04
2.468300000000000000e+04
2.508500000000000000e+04
2.656100000000000000e+04
2.744000000000000000e+03
2.412900000000000000e+04
2.458500000000000000e+04
2.547000000000000000e+04
2.561200000000000000e+04
2.438000000000000000e+04
2.671900000000000000e+04
2.505400000000000000e+04
2.455900000000000000e+04
2.647700000000000000e+04
2.573900000000000000e+04
2.622100000000000000e+04
2.620700000000000000e+04
2.548500000000000000e+04
2.565000000000000000e+04
2.612600000000000000e+04
2.613300000000000000e+04
2.615300000000000000e+04
2.486300000000000000e+04
2.549700000000000000e+04
2.436200000000000000e+04
2.539600000000000000e+04
2.669700000000000000e+04
2.527600000000000000e+04
2.423100000000000000e+04
2.399000000000000000e+04
2.870000000000000000e+03
2.533500000000000000e+04
2.425400000000000000e+04
2.633400000000000000e+04
2.474100000000000000e+04
2.459000000000000000e+04
2.496900000000000000e+04
2.953000000000000000e+03
2.760000000000000000e+03
2.547100000000000000e+04
2.436300000000000000e+04
2.522800000000000000e+04
2.501000000000000000e+04
2.845000000000000000e+03
2.555400000000000000e+04
2.400700000000000000e+04
2.621600000000000000e+04
2.599000000000000000e+04
2.577100000000000000e+04
2.426200000000000000e+04
2.422600000000000000e+04
2.503400000000000000e+04
2.641400000000000000e+04
2.653500000000000000e+04
2.434200000000000000e+04
2.650000000000000000e+04
2.722000000000000000e+03
2.948000000000000000e+03
2.446200000000000000e+04
2.601500000000000000e+04
2.406300000000000000e+04
2.419300000000000000e+04
2.650500000000000000e+04
2.684200000000000000e+04
2.652000000000000000e+04
2.609300000000000000e+04
2.560700000000000000e+04
2.665100000000000000e+04
2.397500000000000000e+04
2.574800000000000000e+04
2.653200000000000000e+04
2.654200000000000000e+04
2.521900000000000000e+04
2.526700000000000000e+04
2.416300000000000000e+04
2.668900000000000000e+04
2.603500000000000000e+04
2.416200000000000000e+04
2.495900000000000000e+04
2.643400000000000000e+04
2.478100000000000000e+04
2.540400000000000000e+04
2.510200000000000000e+04
2.566100000000000000e+04
2.468800000000000000e+04
2.510000000000000000e+04
2.459100000000000000e+04
2.453700000000000000e+04
2.409400000000000000e+04
2.422400000000000000e+04
2.528700000000000000e+04
2.446300000000000000e+04
2.488300000000000000e+04
2.505700000000000000e+04
2.503100000000000000e+04
2.500400000000000000e+04
2.565500000000000000e+04
2.529100000000000000e+04
2.428400000000000000e+04
2.501400000000000000e+04
2.466200000000000000e+04
2.650900000000000000e+04
2.651200000000000000e+04
2.467500000000000000e+04
2.581100000000000000e+04
2.638000000000000000e+04
2.598600000000000000e+04
2.627300000000000000e+04
2.970000000000000000e+03
2.444800000000000000e+04
2.589500000000000000e+04
2.660000000000000000e+04
2.639500000000000000e+04
2.613700000000000000e+04
2.628500000000000000e+04
2.509700000000000000e+04
2.523000000000000000e+04
2.428200000000000000e+04
2.510800000000000000e+04
2.443300000000000000e+04
2.438900000000000000e+04
2.509400000000000000e+04
2.835000000000000000e+03
2.428300000000000000e+04
2.421200000000000000e+04
2.440600000000000000e+04
2.627800000000000000e+04
2.478600000000000000e+04
2.400200000000000000e+04
2.606900000000000000e+04
2.557600000000000000e+04
2.640500000000000000e+04
2.479600000000000000e+04
2.570900000000000000e+04
2.769000000000000000e+03
2.404000000000000000e+04
2.641500000000000000e+04
2.488000000000000000e+04
2.766000000000000000e+03
2.618900000000000000e+04
2.614600000000000000e+04
2.596000000000000000e+04
2.629500000000000000e+04
2.426100000000000000e+04
2.471200000000000000e+04
2.608300000000000000e+04
2.538100000000000000e+04
2.486800000000000000e+04
2.493900000000000000e+04
2.483200000000000000e+04
2.560100000000000000e+04
2.615000000000000000e+04
2.679300000000000000e+04
2.489100000000000000e+04
2.652700000000000000e+04
2.438700000000000000e+04
2.652100000000000000e+04
2.481500000000000000e+04
2.553200000000000000e+04
2.695500000000000000e+04
2.479700000000000000e+04
2.566600000000000000e+04
2.559700000000000000e+04
2.436000000000000000e+04
2.448400000000000000e+04
2.496000000000000000e+04
2.688800000000000000e+04
2.897000000000000000e+03
2.623000000000000000e+04
2.447100000000000000e+04
2.414800000000000000e+04
2.612900000000000000e+04
2.685600000000000000e+04
2.650600000000000000e+04
2.560900000000000000e+04
2.621300000000000000e+04
2.689000000000000000e+03
2.494200000000000000e+04
2.621500000000000000e+04
2.645300000000000000e+04
2.573700000000000000e+04
2.544000000000000000e+04
2.495600000000000000e+04
2.652800000000000000e+04
2.869000000000000000e+03
2.500300000000000000e+04
2.537000000000000000e+04
2.892000000000000000e+03
2.507000000000000000e+04
2.446900000000000000e+04
2.522300000000000000e+04
2.495000000000000000e+04
2.397100000000000000e+04
2.403300000000000000e+04
2.743000000000000000e+03
2.446800000000000000e+04
2.432500000000000000e+04
2.568400000000000000e+04
2.486100000000000000e+04
2.649900000000000000e+04
2.510100000000000000e+04
2.527400000000000000e+04
2.462700000000000000e+04
2.691400000000000000e+04
2.498900000000000000e+04
2.625200000000000000e+04
2.454200000000000000e+04
2.502600000000000000e+04
2.653800000000000000e+04
2.505600000000000000e+04
2.515600000000000000e+04
2.519600000000000000e+04
2.507300000000000000e+04
2.425100000000000000e+04
2.511300000000000000e+04
2.539400000000000000e+04
2.683100000000000000e+04
2.409300000000000000e+04
2.551700000000000000e+04
2.579600000000000000e+04
2.605000000000000000e+04
2.655300000000000000e+04
2.398500000000000000e+04
2.473700000000000000e+04
2.537100000000000000e+04
2.615700000000000000e+04
2.557200000000000000e+04
2.549200000000000000e+04
2.630400000000000000e+04
2.672900000000000000e+04
2.678600000000000000e+04
2.694900000000000000e+04
2.470500000000000000e+04
2.693300000000000000e+04
2.546800000000000000e+04
2.402200000000000000e+04
2.543000000000000000e+04
2.507400000000000000e+04
2.625400000000000000e+04
2.397800000000000000e+04
2.489700000000000000e+04
2.406000000000000000e+04
2.463800000000000000e+04
2.438100000000000000e+04
2.450200000000000000e+04
2.608100000000000000e+04
2.659600000000000000e+04
2.871000000000000000e+03
2.535100000000000000e+04
2.559600000000000000e+04
2.771000000000000000e+03
2.545800000000000000e+04
2.409200000000000000e+04
2.677500000000000000e+04
2.685300000000000000e+04
2.454900000000000000e+04
2.652400000000000000e+04
2.647100000000000000e+04
2.544500000000000000e+04
2.673400000000000000e+04
2.466000000000000000e+04
2.638700000000000000e+04
2.673500000000000000e+04
2.679000000000000000e+03
2.449100000000000000e+04
2.506700000000000000e+04
2.671200000000000000e+04
2.455800000000000000e+04
2.422500000000000000e+04
2.476500000000000000e+04
2.683500000000000000e+04
2.658300000000000000e+04
2.682100000000000000e+04
2.595400000000000000e+04
2.728000000000000000e+03
2.617900000000000000e+04
2.644700000000000000e+04
2.399800000000000000e+04
2.563700000000000000e+04
2.644400000000000000e+04
2.509000000000000000e+04
2.663500000000000000e+04
2.681700000000000000e+04
2.579800000000000000e+04
2.585800000000000000e+04
2.467600000000000000e+04
2.599700000000000000e+04
2.423300000000000000e+04
2.685100000000000000e+04
2.525400000000000000e+04
2.619800000000000000e+04
2.534100000000000000e+04
2.448300000000000000e+04
2.551900000000000000e+04
2.563900000000000000e+04
2.407700000000000000e+04
2.413100000000000000e+04
2.966000000000000000e+03
2.842000000000000000e+03
2.432900000000000000e+04
2.983000000000000000e+03
2.613500000000000000e+04
2.440500000000000000e+04
2.705000000000000000e+03
2.629100000000000000e+04
2.508100000000000000e+04
2.503700000000000000e+04
2.813000000000000000e+03
2.546600000000000000e+04
2.687700000000000000e+04
2.547500000000000000e+04
2.423900000000000000e+04
2.456200000000000000e+04
2.533700000000000000e+04
2.906000000000000000e+03
2.644200000000000000e+04
2.682000000000000000e+04
2.487700000000000000e+04
2.639400000000000000e+04
2.572500000000000000e+04
2.442600000000000000e+04
2.466500000000000000e+04
2.666700000000000000e+04
2.598800000000000000e+04
2.818000000000000000e+03
2.590500000000000000e+04
2.527500000000000000e+04
2.549000000000000000e+04
2.493500000000000000e+04
2.460400000000000000e+04
2.451900000000000000e+04
2.523700000000000000e+04
2.503300000000000000e+04
2.482000000000000000e+04
2.572300000000000000e+04
2.406200000000000000e+04
2.499300000000000000e+04
2.472500000000000000e+04
2.417200000000000000e+04
2.547600000000000000e+04
2.569200000000000000e+04
2.546300000000000000e+04
2.640800000000000000e+04
2.512000000000000000e+04
2.524400000000000000e+04
2.617100000000000000e+04
2.434100000000000000e+04
2.494900000000000000e+04
2.569500000000000000e+04
2.566700000000000000e+04
2.579000000000000000e+04
2.473100000000000000e+04
2.611000000000000000e+04
2.481300000000000000e+04
2.684700000000000000e+04
2.429600000000000000e+04
2.523200000000000000e+04
2.554200000000000000e+04
2.672000000000000000e+04
2.575200000000000000e+04
2.451500000000000000e+04
2.624300000000000000e+04
2.613100000000000000e+04
2.520500000000000000e+04
2.670600000000000000e+04
2.505500000000000000e+04
2.403800000000000000e+04
2.536800000000000000e+04
2.583900000000000000e+04
2.490300000000000000e+04
2.470900000000000000e+04
2.653900000000000000e+04
2.673000000000000000e+04
2.604100000000000000e+04
2.857000000000000000e+03
2.645200000000000000e+04
2.542800000000000000e+04
2.425700000000000000e+04
2.645900000000000000e+04
2.620500000000000000e+04
2.652300000000000000e+04
2.666900000000000000e+04
2.474600000000000000e+04
2.471900000000000000e+04
2.522900000000000000e+04
2.457900000000000000e+04
2.593300000000000000e+04
2.434400000000000000e+04
2.671300000000000000e+04
2.494000000000000000e+04
2.574000000000000000e+04
2.437300000000000000e+04
2.459400000000000000e+04
2.487500000000000000e+04
2.600200000000000000e+04
2.575800000000000000e+04
2.668100000000000000e+04
2.637500000000000000e+04
2.657700000000000000e+04
2.924000000000000000e+03
2.677700000000000000e+04
2.525100000000000000e+04
2.878000000000000000e+03
2.594500000000000000e+04
2.634800000000000000e+04
2.658600000000000000e+04
2.521300000000000000e+04
2.693400000000000000e+04
2.415300000000000000e+04
2.570300000000000000e+04
2.659200000000000000e+04
2.676500000000000000e+04
2.519100000000000000e+04
2.545900000000000000e+04
2.487200000000000000e+04
2.543800000000000000e+04
2.465400000000000000e+04
2.545500000000000000e+04
2.480500000000000000e+04
2.858000000000000000e+03
2.690000000000000000e+04
2.669900000000000000e+04
2.653400000000000000e+04
2.609200000000000000e+04
2.591700000000000000e+04
2.998000000000000000e+03
2.588700000000000000e+04
2.477200000000000000e+04
2.680600000000000000e+04
2.548900000000000000e+04
2.837000000000000000e+03
2.666600000000000000e+04
2.678200000000000000e+04
2.654600000000000000e+04
2.509600000000000000e+04
2.641700000000000000e+04
2.398300000000000000e+04
2.426000000000000000e+04
2.422000000000000000e+04
2.706000000000000000e+03
2.674400000000000000e+04
2.665000000000000000e+04
2.663100000000000000e+04
2.448600000000000000e+04
2.658200000000000000e+04
2.482100000000000000e+04
2.635900000000000000e+04
2.632300000000000000e+04
2.444000000000000000e+04
2.570500000000000000e+04
2.614100000000000000e+04
2.398100000000000000e+04
2.418500000000000000e+04
2.553300000000000000e+04
2.481100000000000000e+04
2.443600000000000000e+04
2.472200000000000000e+04
2.451700000000000000e+04
2.688200000000000000e+04
2.662400000000000000e+04
2.873000000000000000e+03
2.794000000000000000e+03
2.693600000000000000e+04
2.456000000000000000e+04
2.434500000000000000e+04
2.595200000000000000e+04
2.475900000000000000e+04
2.461400000000000000e+04
2.592700000000000000e+04
2.540300000000000000e+04
2.559300000000000000e+04
2.494300000000000000e+04
2.622800000000000000e+04
2.632600000000000000e+04
2.452700000000000000e+04
2.651300000000000000e+04
2.625100000000000000e+04
2.470700000000000000e+04
2.453100000000000000e+04
2.465200000000000000e+04
2.490000000000000000e+04
2.508300000000000000e+04
2.492900000000000000e+04
2.460600000000000000e+04
2.692800000000000000e+04
2.631700000000000000e+04
2.477000000000000000e+04
2.475300000000000000e+04
2.636900000000000000e+04
2.422900000000000000e+04
2.521200000000000000e+04
2.435100000000000000e+04
2.504500000000000000e+04
2.577200000000000000e+04
2.963000000000000000e+03
2.626200000000000000e+04
2.415700000000000000e+04
2.694000000000000000e+04
2.538300000000000000e+04
2.431000000000000000e+04
2.833000000000000000e+03
2.633600000000000000e+04
2.921000000000000000e+03
2.602200000000000000e+04
2.638200000000000000e+04
2.593800000000000000e+04
2.676600000000000000e+04
2.562300000000000000e+04
2.454300000000000000e+04
2.405600000000000000e+04
2.407300000000000000e+04
2.678800000000000000e+04
2.403000000000000000e+04
2.662100000000000000e+04
2.632800000000000000e+04
2.684900000000000000e+04
2.543900000000000000e+04
2.572000000000000000e+04
2.651400000000000000e+04
2.627600000000000000e+04
2.735000000000000000e+03
2.626000000000000000e+04
2.681800000000000000e+04
2.485000000000000000e+04
2.445700000000000000e+04
2.410200000000000000e+04
2.548400000000000000e+04
2.529200000000000000e+04
2.682400000000000000e+04
2.614400000000000000e+04
2.594600000000000000e+04
2.597100000000000000e+04
2.585700000000000000e+04
2.666000000000000000e+04
2.519700000000000000e+04
2.872000000000000000e+03
2.677200000000000000e+04
2.464200000000000000e+04
2.612500000000000000e+04
2.468400000000000000e+04
2.415500000000000000e+04
2.601800000000000000e+04
2.470300000000000000e+04
2.665500000000000000e+04
2.571200000000000000e+04
2.848000000000000000e+03
2.397400000000000000e+04
2.404300000000000000e+04
2.444400000000000000e+04
2.606700000000000000e+04
2.633000000000000000e+04
2.595000000000000000e+04
2.524500000000000000e+04
2.512600000000000000e+04
2.825000000000000000e+03
2.565200000000000000e+04
2.578600000000000000e+04
2.922000000000000000e+03
2.418900000000000000e+04
2.495800000000000000e+04
2.597500000000000000e+04
2.518100000000000000e+04
2.499000000000000000e+04
2.507600000000000000e+04
2.471800000000000000e+04
2.884000000000000000e+03
2.571800000000000000e+04
2.427700000000000000e+04
2.507100000000000000e+04
2.518800000000000000e+04
2.629900000000000000e+04
2.680200000000000000e+04
2.590000000000000000e+04
2.436700000000000000e+04
2.461800000000000000e+04
2.552600000000000000e+04
2.590100000000000000e+04
2.585900000000000000e+04
2.479200000000000000e+04
2.629700000000000000e+04
2.452900000000000000e+04
2.514100000000000000e+04
2.413500000000000000e+04
2.640300000000000000e+04
2.560800000000000000e+04
2.450800000000000000e+04
2.464000000000000000e+04
2.611700000000000000e+04
2.566400000000000000e+04
2.895000000000000000e+03
2.550000000000000000e+04
2.636200000000000000e+04
2.405200000000000000e+04
2.690000000000000000e+03
2.620400000000000000e+04
2.470000000000000000e+04
2.515700000000000000e+04
2.426600000000000000e+04
2.647000000000000000e+04
2.441500000000000000e+04
2.472300000000000000e+04
2.700000000000000000e+03
2.688600000000000000e+04
2.670200000000000000e+04
2.990000000000000000e+03
2.598400000000000000e+04
2.582700000000000000e+04
2.452300000000000000e+04
2.627900000000000000e+04
2.481700000000000000e+04
2.908000000000000000e+03
2.438800000000000000e+04
2.690600000000000000e+04
2.576500000000000000e+04
2.604300000000000000e+04
2.430700000000000000e+04
2.399300000000000000e+04
2.487300000000000000e+04
2.597600000000000000e+04
2.474300000000000000e+04
2.594700000000000000e+04
2.554500000000000000e+04
2.400600000000000000e+04
2.402500000000000000e+04
2.428600000000000000e+04
2.549600000000000000e+04
2.416500000000000000e+04
2.696100000000000000e+04
2.666300000000000000e+04
2.657800000000000000e+04
2.429700000000000000e+04
2.449500000000000000e+04
2.482700000000000000e+04
2.550500000000000000e+04
2.561600000000000000e+04
2.584900000000000000e+04
2.493200000000000000e+04
2.620200000000000000e+04
2.479500000000000000e+04
2.693100000000000000e+04
2.462900000000000000e+04
2.540100000000000000e+04
2.949000000000000000e+03
2.477600000000000000e+04
2.474000000000000000e+04
2.412100000000000000e+04
2.562500000000000000e+04
2.554300000000000000e+04
2.450900000000000000e+04
2.656600000000000000e+04
2.571100000000000000e+04
2.553800000000000000e+04
2.505900000000000000e+04
2.612000000000000000e+04
2.614900000000000000e+04
2.491400000000000000e+04
2.642400000000000000e+04
2.798000000000000000e+03
2.497900000000000000e+04
2.601700000000000000e+04
2.823000000000000000e+03
2.421300000000000000e+04
2.611200000000000000e+04
2.408100000000000000e+04
2.467400000000000000e+04
2.614200000000000000e+04
2.495300000000000000e+04
2.423400000000000000e+04
2.537800000000000000e+04
2.460200000000000000e+04
2.575100000000000000e+04
2.541600000000000000e+04
2.677600000000000000e+04
2.670500000000000000e+04
2.551600000000000000e+04
2.397200000000000000e+04
2.545400000000000000e+04
2.438400000000000000e+04
2.485200000000000000e+04
2.538600000000000000e+04
2.478900000000000000e+04
2.578000000000000000e+04
2.556300000000000000e+04
2.428000000000000000e+04
2.680000000000000000e+04
2.531300000000000000e+04
2.554100000000000000e+04
2.671400000000000000e+04
2.496500000000000000e+04
2.477900000000000000e+04
2.917000000000000000e+03
2.669600000000000000e+04
2.509100000000000000e+04
2.687000000000000000e+03
2.511200000000000000e+04
2.630900000000000000e+04
2.460800000000000000e+04
2.595600000000000000e+04
2.563000000000000000e+04
2.601400000000000000e+04
2.601300000000000000e+04
2.460000000000000000e+04
2.518400000000000000e+04
2.630700000000000000e+04
2.562900000000000000e+04
2.566900000000000000e+04
2.542100000000000000e+04
2.487400000000000000e+04
2.449300000000000000e+04
2.618100000000000000e+04
2.469600000000000000e+04
2.589000000000000000e+04
2.595500000000000000e+04
2.468700000000000000e+04
2.429000000000000000e+04
2.762000000000000000e+03
2.439700000000000000e+04
2.415100000000000000e+04
2.448900000000000000e+04
2.667800000000000000e+04
2.556600000000000000e+04
2.522000000000000000e+04
2.438200000000000000e+04
2.487800000000000000e+04
2.664400000000000000e+04
2.524600000000000000e+04
2.696000000000000000e+04
2.416100000000000000e+04
2.465600000000000000e+04
2.537400000000000000e+04
2.527900000000000000e+04
2.578200000000000000e+04
2.398600000000000000e+04
2.410100000000000000e+04
2.478700000000000000e+04
2.975000000000000000e+03
2.649200000000000000e+04
2.535700000000000000e+04
2.683400000000000000e+04
2.436400000000000000e+04
2.577400000000000000e+04
2.585100000000000000e+04
2.662600000000000000e+04
2.477400000000000000e+04
2.898000000000000000e+03
2.559000000000000000e+04
2.900000000000000000e+03
2.601600000000000000e+04
2.549300000000000000e+04
2.946000000000000000e+03
2.562800000000000000e+04
2.711000000000000000e+03
2.601200000000000000e+04
2.450100000000000000e+04
2.572800000000000000e+04
2.594900000000000000e+04
2.573300000000000000e+04
2.656500000000000000e+04
2.427100000000000000e+04
2.444100000000000000e+04
2.506500000000000000e+04
2.527200000000000000e+04
2.412700000000000000e+04
2.404100000000000000e+04
2.477800000000000000e+04
2.405800000000000000e+04
2.442300000000000000e+04
2.564800000000000000e+04
2.414000000000000000e+04
2.589100000000000000e+04
2.508700000000000000e+04
2.602800000000000000e+04
2.410800000000000000e+04
2.459500000000000000e+04
2.576600000000000000e+04
2.439400000000000000e+04
2.426300000000000000e+04
2.618500000000000000e+04
2.584300000000000000e+04
2.409100000000000000e+04
2.673800000000000000e+04
2.619900000000000000e+04
2.571000000000000000e+04
2.786000000000000000e+03
2.761000000000000000e+03
2.435000000000000000e+04
2.537200000000000000e+04
2.574900000000000000e+04
2.443700000000000000e+04
2.668500000000000000e+04
2.402100000000000000e+04
2.426500000000000000e+04
2.549400000000000000e+04
2.579200000000000000e+04
2.478000000000000000e+04
2.457200000000000000e+04
2.710000000000000000e+03
2.570400000000000000e+04
2.473800000000000000e+04
2.674100000000000000e+04
2.632700000000000000e+04
3.005000000000000000e+03
2.618300000000000000e+04
2.542200000000000000e+04
2.443900000000000000e+04
2.942000000000000000e+03
2.402000000000000000e+04
2.622000000000000000e+04
2.531400000000000000e+04
2.493800000000000000e+04
2.633100000000000000e+04
2.527100000000000000e+04
2.494600000000000000e+04
2.510400000000000000e+04
2.573200000000000000e+04
2.524200000000000000e+04
2.412800000000000000e+04
2.548600000000000000e+04
2.661900000000000000e+04
2.784000000000000000e+03
2.644300000000000000e+04
2.490700000000000000e+04
2.596300000000000000e+04
2.548700000000000000e+04
2.592200000000000000e+04
2.526500000000000000e+04
2.513800000000000000e+04
2.491200000000000000e+04
2.690400000000000000e+04
2.593000000000000000e+04
2.451200000000000000e+04
2.435500000000000000e+04
2.618600000000000000e+04
2.686100000000000000e+04
2.544700000000000000e+04
2.567500000000000000e+04
2.656300000000000000e+04
2.485300000000000000e+04
2.643000000000000000e+04
2.458100000000000000e+04
2.445100000000000000e+04
2.429900000000000000e+04
2.459200000000000000e+04
2.475500000000000000e+04
2.653600000000000000e+04
2.956000000000000000e+03
2.420900000000000000e+04
2.645800000000000000e+04
2.400100000000000000e+04
2.557500000000000000e+04
2.527800000000000000e+04
2.483000000000000000e+04
2.733000000000000000e+03
2.550400000000000000e+04
2.602900000000000000e+04
2.504400000000000000e+04
2.554800000000000000e+04
2.726000000000000000e+03
2.518000000000000000e+04
2.689300000000000000e+04
2.477100000000000000e+04
2.520100000000000000e+04
2.692500000000000000e+04
2.669500000000000000e+04
2.637600000000000000e+04
2.605400000000000000e+04
2.437800000000000000e+04
2.558300000000000000e+04
2.565700000000000000e+04
2.639200000000000000e+04
2.421100000000000000e+04
2.732000000000000000e+03
2.455300000000000000e+04
2.627700000000000000e+04
2.515000000000000000e+04
2.411200000000000000e+04
2.515400000000000000e+04
2.427900000000000000e+04
2.415800000000000000e+04
2.422100000000000000e+04
2.880000000000000000e+03
2.571300000000000000e+04
2.689700000000000000e+04
2.673100000000000000e+04
2.613200000000000000e+04
2.511500000000000000e+04
2.651800000000000000e+04
2.524800000000000000e+04
2.530800000000000000e+04
2.657200000000000000e+04
2.667700000000000000e+04
2.670300000000000000e+04
2.874000000000000000e+03
2.540600000000000000e+04
2.669000000000000000e+04
2.649100000000000000e+04
2.582500000000000000e+04
2.554600000000000000e+04
2.514700000000000000e+04
2.841000000000000000e+03
2.665200000000000000e+04
2.571500000000000000e+04
2.513600000000000000e+04
2.675000000000000000e+04
2.503200000000000000e+04
2.450400000000000000e+04
2.504800000000000000e+04
2.499900000000000000e+04
2.586200000000000000e+04
2.401300000000000000e+04
2.560600000000000000e+04
2.680000000000000000e+03
2.596900000000000000e+04
2.416400000000000000e+04
2.662700000000000000e+04
2.828000000000000000e+03
2.996000000000000000e+03
2.638400000000000000e+04
2.543700000000000000e+04
2.704000000000000000e+03
2.424800000000000000e+04
2.427600000000000000e+04
2.940000000000000000e+03
2.577300000000000000e+04
2.486200000000000000e+04
2.652600000000000000e+04
2.419100000000000000e+04
2.677300000000000000e+04
2.680100000000000000e+04
2.675100000000000000e+04
2.677400000000000000e+04
2.681400000000000000e+04
2.802000000000000000e+03
2.616100000000000000e+04
2.687000000000000000e+04
2.612400000000000000e+04
2.657500000000000000e+04
2.581000000000000000e+04
2.436800000000000000e+04
2.452100000000000000e+04
2.561800000000000000e+04
2.500600000000000000e+04
2.507900000000000000e+04
2.636700000000000000e+04
2.605200000000000000e+04
2.637300000000000000e+04
2.929000000000000000e+03
2.494400000000000000e+04
2.458900000000000000e+04
2.544600000000000000e+04
2.453900000000000000e+04
2.565100000000000000e+04
2.630200000000000000e+04
2.642200000000000000e+04
2.974000000000000000e+03
2.406800000000000000e+04
2.657400000000000000e+04
2.539000000000000000e+04
2.547800000000000000e+04
2.600000000000000000e+04
2.572700000000000000e+04
2.442800000000000000e+04
2.644600000000000000e+04
2.586800000000000000e+04
2.778000000000000000e+03
2.671800000000000000e+04
2.538500000000000000e+04
2.519800000000000000e+04
2.411100000000000000e+04
2.422200000000000000e+04
2.692000000000000000e+04
2.589400000000000000e+04
2.863000000000000000e+03
2.560300000000000000e+04
2.686900000000000000e+04
2.636800000000000000e+04
2.482300000000000000e+04
2.540000000000000000e+04
2.647400000000000000e+04
2.637800000000000000e+04
2.564400000000000000e+04
2.628200000000000000e+04
2.629000000000000000e+04
2.579300000000000000e+04
2.655700000000000000e+04
2.469500000000000000e+04
2.687100000000000000e+04
2.535500000000000000e+04
2.602300000000000000e+04
2.630800000000000000e+04
2.601100000000000000e+04
2.648400000000000000e+04
2.543200000000000000e+04
2.539800000000000000e+04
2.595800000000000000e+04
2.419700000000000000e+04
2.425200000000000000e+04
2.496600000000000000e+04
2.679500000000000000e+04
2.635600000000000000e+04
2.647600000000000000e+04
2.619400000000000000e+04
2.455400000000000000e+04
2.480400000000000000e+04
2.513700000000000000e+04
2.831000000000000000e+03
2.515500000000000000e+04
2.749000000000000000e+03
2.481800000000000000e+04
2.504000000000000000e+04
2.437400000000000000e+04
2.676400000000000000e+04
2.688500000000000000e+04
2.747000000000000000e+03
2.514300000000000000e+04
2.491800000000000000e+04
2.581200000000000000e+04
2.695200000000000000e+04
2.475200000000000000e+04
2.562000000000000000e+04
2.463700000000000000e+04
2.552500000000000000e+04
2.529600000000000000e+04
2.598200000000000000e+04
2.660100000000000000e+04
2.566300000000000000e+04
2.638300000000000000e+04
2.508000000000000000e+04
2.526900000000000000e+04
2.531100000000000000e+04
2.804000000000000000e+03
2.622700000000000000e+04
2.633200000000000000e+04
2.945000000000000000e+03
2.400900000000000000e+04
2.932000000000000000e+03
2.473000000000000000e+04
2.785000000000000000e+03
2.528900000000000000e+04
2.659300000000000000e+04
2.505100000000000000e+04
2.439900000000000000e+04
2.525500000000000000e+04
2.433800000000000000e+04
2.528100000000000000e+04
2.633700000000000000e+04
2.496700000000000000e+04
2.583300000000000000e+04
2.604800000000000000e+04
2.426700000000000000e+04
2.723000000000000000e+03
2.458400000000000000e+04
2.514500000000000000e+04
2.492100000000000000e+04
2.474900000000000000e+04
2.431200000000000000e+04
2.791000000000000000e+03
2.582400000000000000e+04
2.452800000000000000e+04
2.759000000000000000e+03
2.414200000000000000e+04
2.506000000000000000e+04
2.512900000000000000e+04
2.447900000000000000e+04
2.491900000000000000e+04
2.630500000000000000e+04
2.464300000000000000e+04
2.415600000000000000e+04
2.814000000000000000e+03
2.534900000000000000e+04
2.667500000000000000e+04
2.662200000000000000e+04
2.423500000000000000e+04
2.889000000000000000e+03
2.508900000000000000e+04
2.568000000000000000e+04
2.563400000000000000e+04
2.497000000000000000e+04
2.419900000000000000e+04
2.398800000000000000e+04
2.758000000000000000e+03
2.412000000000000000e+04
2.944000000000000000e+03
2.716000000000000000e+03
2.619100000000000000e+04
2.631800000000000000e+04
2.433600000000000000e+04
2.409900000000000000e+04
2.670700000000000000e+04
2.478500000000000000e+04
2.593100000000000000e+04
2.674500000000000000e+04
2.674700000000000000e+04
2.527300000000000000e+04
2.516300000000000000e+04
2.536300000000000000e+04
2.466700000000000000e+04
2.480100000000000000e+04
2.473900000000000000e+04
2.544300000000000000e+04
2.443100000000000000e+04
2.659800000000000000e+04
2.824000000000000000e+03
2.444300000000000000e+04
2.402700000000000000e+04
2.670100000000000000e+04
2.579100000000000000e+04
2.432800000000000000e+04
2.617800000000000000e+04
2.440000000000000000e+04
2.578100000000000000e+04
2.689900000000000000e+04
2.533800000000000000e+04
2.447500000000000000e+04
2.546700000000000000e+04
2.542300000000000000e+04
2.529400000000000000e+04
2.574400000000000000e+04
2.473200000000000000e+04
2.510600000000000000e+04
2.397600000000000000e+04
2.565600000000000000e+04
2.923000000000000000e+03
2.517800000000000000e+04
2.414300000000000000e+04
2.646900000000000000e+04
2.692700000000000000e+04
2.978000000000000000e+03
2.418100000000000000e+04
2.596100000000000000e+04
2.403100000000000000e+04
2.559800000000000000e+04
2.638100000000000000e+04
2.632100000000000000e+04
2.517600000000000000e+04
2.526600000000000000e+04
2.478800000000000000e+04
2.485100000000000000e+04
2.651700000000000000e+04
2.423600000000000000e+04
2.658900000000000000e+04
2.680700000000000000e+04
2.476300000000000000e+04
2.621700000000000000e+04
2.674800000000000000e+04
2.827000000000000000e+03
2.451600000000000000e+04
2.514000000000000000e+04
2.685000000000000000e+04
2.397300000000000000e+04
2.563200000000000000e+04
2.497100000000000000e+04
2.399500000000000000e+04
2.454500000000000000e+04
2.536000000000000000e+04
2.591500000000000000e+04
2.495100000000000000e+04
2.768000000000000000e+03
2.643200000000000000e+04
2.447300000000000000e+04
2.896000000000000000e+03
2.683200000000000000e+04
2.903000000000000000e+03
2.441100000000000000e+04
2.607800000000000000e+04
2.679600000000000000e+04
2.531500000000000000e+04
2.490400000000000000e+04
2.628700000000000000e+04
2.439100000000000000e+04
2.640100000000000000e+04
2.424300000000000000e+04
2.627000000000000000e+04
2.531600000000000000e+04
2.691000000000000000e+03
2.672200000000000000e+04
2.562700000000000000e+04
2.603300000000000000e+04
2.936000000000000000e+03
2.532400000000000000e+04
2.666400000000000000e+04
2.568600000000000000e+04
2.652200000000000000e+04
2.553400000000000000e+04
2.428700000000000000e+04
2.555600000000000000e+04
2.521600000000000000e+04
2.709000000000000000e+03
2.584700000000000000e+04
2.421900000000000000e+04
2.780000000000000000e+03
2.659400000000000000e+04
2.465300000000000000e+04
2.452600000000000000e+04
2.448200000000000000e+04
2.506900000000000000e+04
2.420600000000000000e+04
