1.821300000000000000e+04
1.795900000000000000e+04
1.725400000000000000e+04
1.804100000000000000e+04
1.808900000000000000e+04
1.774800000000000000e+04
1.725800000000000000e+04
1.792100000000000000e+04
2.011000000000000000e+04
1.755000000000000000e+04
1.725200000000000000e+04
1.947000000000000000e+03
2.064000000000000000e+03
1.720500000000000000e+04
1.760800000000000000e+04
1.823200000000000000e+04
1.835600000000000000e+04
1.742700000000000000e+04
1.756100000000000000e+04
1.725600000000000000e+04
1.761500000000000000e+04
1.783600000000000000e+04
1.747300000000000000e+04
1.835900000000000000e+04
1.884400000000000000e+04
1.852500000000000000e+04
1.770800000000000000e+04
1.755500000000000000e+04
1.838100000000000000e+04
1.730100000000000000e+04
1.760900000000000000e+04
1.853800000000000000e+04
1.816300000000000000e+04
1.767000000000000000e+04
1.803800000000000000e+04
1.739100000000000000e+04
1.785100000000000000e+04
1.721500000000000000e+04
1.818300000000000000e+04
1.726600000000000000e+04
1.904400000000000000e+04
2.143100000000000000e+04
1.991500000000000000e+04
1.857400000000000000e+04
1.845300000000000000e+04
1.780200000000000000e+04
1.835700000000000000e+04
1.824700000000000000e+04
1.741500000000000000e+04
1.774400000000000000e+04
1.753900000000000000e+04
1.842600000000000000e+04
1.805300000000000000e+04
1.854600000000000000e+04
1.728600000000000000e+04
2.069000000000000000e+03
1.837400000000000000e+04
1.758900000000000000e+04
1.759100000000000000e+04
2.028000000000000000e+03
1.756000000000000000e+04
1.798000000000000000e+04
1.722600000000000000e+04
1.862800000000000000e+04
1.882300000000000000e+04
1.751600000000000000e+04
1.748400000000000000e+04
1.767900000000000000e+04
1.831300000000000000e+04
1.847100000000000000e+04
1.788500000000000000e+04
1.974300000000000000e+04
1.824500000000000000e+04
1.740500000000000000e+04
1.727500000000000000e+04
1.916100000000000000e+04
1.773700000000000000e+04
1.723500000000000000e+04
1.988000000000000000e+03
1.791700000000000000e+04
1.848800000000000000e+04
1.833200000000000000e+04
1.945000000000000000e+03
1.908700000000000000e+04
1.865200000000000000e+04
1.821900000000000000e+04
1.740400000000000000e+04
1.908200000000000000e+04
1.768900000000000000e+04
1.841900000000000000e+04
2.024000000000000000e+03
1.738200000000000000e+04
1.811200000000000000e+04
1.825500000000000000e+04
2.066000000000000000e+03
1.788200000000000000e+04
1.752200000000000000e+04
1.729100000000000000e+04
1.787500000000000000e+04
1.751300000000000000e+04
1.772800000000000000e+04
1.747500000000000000e+04
1.771400000000000000e+04
1.772000000000000000e+04
1.819400000000000000e+04
1.777800000000000000e+04
1.878600000000000000e+04
1.997400000000000000e+04
1.770000000000000000e+04
1.752800000000000000e+04
1.748500000000000000e+04
1.728900000000000000e+04
1.889900000000000000e+04
1.826200000000000000e+04
1.858400000000000000e+04
1.742500000000000000e+04
1.790200000000000000e+04
2.158000000000000000e+04
1.792700000000000000e+04
1.739600000000000000e+04
1.788900000000000000e+04
1.794500000000000000e+04
2.055000000000000000e+03
1.834600000000000000e+04
1.746000000000000000e+04
1.790100000000000000e+04
1.758500000000000000e+04
1.810200000000000000e+04
1.862600000000000000e+04
1.724200000000000000e+04
1.837800000000000000e+04
1.724900000000000000e+04
1.756800000000000000e+04
1.770400000000000000e+04
1.855700000000000000e+04
2.163800000000000000e+04
1.747900000000000000e+04
1.747200000000000000e+04
1.726900000000000000e+04
1.928000000000000000e+03
1.871600000000000000e+04
1.725500000000000000e+04
1.752300000000000000e+04
1.835300000000000000e+04
1.737200000000000000e+04
1.834200000000000000e+04
1.822500000000000000e+04
1.857300000000000000e+04
1.726700000000000000e+04
1.749500000000000000e+04
1.785500000000000000e+04
1.752000000000000000e+04
1.792300000000000000e+04
1.802500000000000000e+04
1.743900000000000000e+04
2.021000000000000000e+03
1.774300000000000000e+04
1.797200000000000000e+04
1.836800000000000000e+04
1.781900000000000000e+04
1.720400000000000000e+04
1.946000000000000000e+03
1.863800000000000000e+04
1.824600000000000000e+04
1.745100000000000000e+04
1.745700000000000000e+04
1.728500000000000000e+04
1.720900000000000000e+04
1.733800000000000000e+04
1.788400000000000000e+04
1.820100000000000000e+04
1.744400000000000000e+04
1.779200000000000000e+04
1.756200000000000000e+04
1.781400000000000000e+04
2.043000000000000000e+03
1.800500000000000000e+04
1.871000000000000000e+04
1.766600000000000000e+04
1.736400000000000000e+04
2.145900000000000000e+04
1.903000000000000000e+04
1.825200000000000000e+04
1.785000000000000000e+04
1.844800000000000000e+04
1.751700000000000000e+04
1.796900000000000000e+04
1.720800000000000000e+04
1.784900000000000000e+04
1.766700000000000000e+04
1.809400000000000000e+04
1.754300000000000000e+04
1.976000000000000000e+03
2.057000000000000000e+03
1.822700000000000000e+04
1.834800000000000000e+04
1.814700000000000000e+04
1.802600000000000000e+04
1.904000000000000000e+04
1.771900000000000000e+04
1.961000000000000000e+03
2.049000000000000000e+03
1.843700000000000000e+04
1.728800000000000000e+04
1.728300000000000000e+04
1.872500000000000000e+04
1.801700000000000000e+04
2.026000000000000000e+03
1.737700000000000000e+04
1.725100000000000000e+04
1.982000000000000000e+03
1.733600000000000000e+04
1.736600000000000000e+04
1.783500000000000000e+04
1.815800000000000000e+04
1.783000000000000000e+04
1.729400000000000000e+04
1.838700000000000000e+04
1.858900000000000000e+04
1.772100000000000000e+04
1.728200000000000000e+04
1.741200000000000000e+04
1.818700000000000000e+04
1.857600000000000000e+04
1.857800000000000000e+04
1.840800000000000000e+04
1.795800000000000000e+04
1.780100000000000000e+04
1.786700000000000000e+04
2.074000000000000000e+03
1.762200000000000000e+04
1.722500000000000000e+04
2.164700000000000000e+04
1.839700000000000000e+04
1.826400000000000000e+04
1.761100000000000000e+04
1.745300000000000000e+04
1.788700000000000000e+04
2.105300000000000000e+04
1.740900000000000000e+04
2.017000000000000000e+03
1.938700000000000000e+04
1.863100000000000000e+04
1.792500000000000000e+04
1.760200000000000000e+04
2.027900000000000000e+04
1.749400000000000000e+04
1.819500000000000000e+04
1.801200000000000000e+04
1.941000000000000000e+03
1.827800000000000000e+04
1.815200000000000000e+04
1.735600000000000000e+04
1.873000000000000000e+04
1.814100000000000000e+04
2.002000000000000000e+03
1.744700000000000000e+04
1.808200000000000000e+04
1.805000000000000000e+04
1.872700000000000000e+04
2.019000000000000000e+03
1.762100000000000000e+04
1.854400000000000000e+04
2.052400000000000000e+04
1.813000000000000000e+04
1.819900000000000000e+04
1.858700000000000000e+04
1.806300000000000000e+04
1.738600000000000000e+04
1.789900000000000000e+04
1.894700000000000000e+04
1.758700000000000000e+04
1.740800000000000000e+04
1.818900000000000000e+04
1.805800000000000000e+04
1.737100000000000000e+04
1.866400000000000000e+04
1.833700000000000000e+04
1.764800000000000000e+04
1.735800000000000000e+04
1.774600000000000000e+04
2.052000000000000000e+03
1.997000000000000000e+03
1.785200000000000000e+04
2.037000000000000000e+03
1.731400000000000000e+04
1.763100000000000000e+04
1.793400000000000000e+04
1.845100000000000000e+04
1.759500000000000000e+04
1.780600000000000000e+04
1.782100000000000000e+04
1.901500000000000000e+04
1.735000000000000000e+04
1.797000000000000000e+04
1.777300000000000000e+04
1.741900000000000000e+04
1.836600000000000000e+04
2.077000000000000000e+03
1.814500000000000000e+04
1.866200000000000000e+04
2.009000000000000000e+03
1.804800000000000000e+04
1.773100000000000000e+04
1.764600000000000000e+04
1.756600000000000000e+04
1.797400000000000000e+04
1.805200000000000000e+04
1.720100000000000000e+04
2.046000000000000000e+03
1.732000000000000000e+04
1.818200000000000000e+04
2.083000000000000000e+03
1.742200000000000000e+04
1.827400000000000000e+04
1.805900000000000000e+04
1.798800000000000000e+04
1.878500000000000000e+04
1.762000000000000000e+04
1.746100000000000000e+04
1.793000000000000000e+04
1.830700000000000000e+04
1.858500000000000000e+04
1.840400000000000000e+04
1.842100000000000000e+04
1.839200000000000000e+04
1.783900000000000000e+04
1.879400000000000000e+04
1.791300000000000000e+04
1.853000000000000000e+04
1.828800000000000000e+04
1.778100000000000000e+04
1.754000000000000000e+04
1.863300000000000000e+04
1.842400000000000000e+04
1.720200000000000000e+04
1.850000000000000000e+04
1.851500000000000000e+04
1.829100000000000000e+04
1.856300000000000000e+04
1.796400000000000000e+04
1.731900000000000000e+04
1.790900000000000000e+04
1.789300000000000000e+04
2.084900000000000000e+04
1.772900000000000000e+04
1.833600000000000000e+04
1.807800000000000000e+04
1.841100000000000000e+04
1.865400000000000000e+04
1.850200000000000000e+04
1.891200000000000000e+04
1.789500000000000000e+04
1.919100000000000000e+04
1.783100000000000000e+04
1.850700000000000000e+04
1.723000000000000000e+04
2.034000000000000000e+03
1.724300000000000000e+04
2.067000000000000000e+03
1.816400000000000000e+04
1.810300000000000000e+04
1.743700000000000000e+04
2.061000000000000000e+03
1.831400000000000000e+04
1.892600000000000000e+04
1.739700000000000000e+04
1.860600000000000000e+04
1.830300000000000000e+04
1.796600000000000000e+04
2.044000000000000000e+03
1.809300000000000000e+04
1.759900000000000000e+04
1.955000000000000000e+03
1.842000000000000000e+04
1.790400000000000000e+04
1.758100000000000000e+04
1.768400000000000000e+04
1.838200000000000000e+04
1.787600000000000000e+04
1.926400000000000000e+04
1.753800000000000000e+04
1.775100000000000000e+04
1.835000000000000000e+04
1.852100000000000000e+04
1.821000000000000000e+04
1.743400000000000000e+04
1.757400000000000000e+04
1.760700000000000000e+04
1.849900000000000000e+04
1.801400000000000000e+04
1.818800000000000000e+04
1.843200000000000000e+04
1.833500000000000000e+04
1.785300000000000000e+04
1.773400000000000000e+04
2.063000000000000000e+03
1.754800000000000000e+04
1.879800000000000000e+04
2.036000000000000000e+03
1.849300000000000000e+04
1.813600000000000000e+04
1.787700000000000000e+04
1.803700000000000000e+04
1.733000000000000000e+04
1.839900000000000000e+04
1.816600000000000000e+04
1.886000000000000000e+04
1.831700000000000000e+04
2.062000000000000000e+03
1.955200000000000000e+04
1.760500000000000000e+04
1.843900000000000000e+04
1.726300000000000000e+04
1.730700000000000000e+04
1.740100000000000000e+04
1.971000000000000000e+03
1.912300000000000000e+04
2.169500000000000000e+04
1.897600000000000000e+04
1.723900000000000000e+04
1.824000000000000000e+04
1.837000000000000000e+04
1.809600000000000000e+04
1.741600000000000000e+04
1.729300000000000000e+04
1.893700000000000000e+04
1.817100000000000000e+04
1.797100000000000000e+04
1.834300000000000000e+04
1.767200000000000000e+04
1.846300000000000000e+04
1.864500000000000000e+04
1.876100000000000000e+04
2.071000000000000000e+03
1.792900000000000000e+04
1.753600000000000000e+04
1.727700000000000000e+04
1.772200000000000000e+04
1.865600000000000000e+04
1.989200000000000000e+04
1.819600000000000000e+04
1.776300000000000000e+04
1.841000000000000000e+04
2.167900000000000000e+04
1.855300000000000000e+04
2.000000000000000000e+03
1.905400000000000000e+04
1.774700000000000000e+04
1.899500000000000000e+04
1.834400000000000000e+04
2.047000000000000000e+03
1.729200000000000000e+04
2.041200000000000000e+04
1.756300000000000000e+04
1.748000000000000000e+04
1.824300000000000000e+04
1.826800000000000000e+04
1.802300000000000000e+04
1.844100000000000000e+04
1.760300000000000000e+04
1.774500000000000000e+04
1.751200000000000000e+04
1.768100000000000000e+04
1.759400000000000000e+04
1.800200000000000000e+04
1.784300000000000000e+04
1.780800000000000000e+04
1.800300000000000000e+04
2.084000000000000000e+03
1.920800000000000000e+04
1.728700000000000000e+04
1.780300000000000000e+04
1.765200000000000000e+04
1.808800000000000000e+04
1.846200000000000000e+04
1.811100000000000000e+04
1.753700000000000000e+04
1.781800000000000000e+04
1.778600000000000000e+04
1.732600000000000000e+04
1.764500000000000000e+04
1.767400000000000000e+04
1.970000000000000000e+03
1.873800000000000000e+04
2.058000000000000000e+03
1.769300000000000000e+04
1.825000000000000000e+04
1.843600000000000000e+04
1.801300000000000000e+04
1.772500000000000000e+04
1.825600000000000000e+04
1.775000000000000000e+04
1.812700000000000000e+04
1.794600000000000000e+04
1.879500000000000000e+04
1.832600000000000000e+04
1.749100000000000000e+04
1.798400000000000000e+04
1.925000000000000000e+03
1.815500000000000000e+04
2.158600000000000000e+04
1.721700000000000000e+04
1.724100000000000000e+04
1.786300000000000000e+04
1.834700000000000000e+04
1.841600000000000000e+04
1.754600000000000000e+04
1.864900000000000000e+04
1.769700000000000000e+04
1.798200000000000000e+04
1.731500000000000000e+04
1.748300000000000000e+04
1.815100000000000000e+04
1.734600000000000000e+04
1.819800000000000000e+04
1.831600000000000000e+04
1.758300000000000000e+04
2.048000000000000000e+03
1.809500000000000000e+04
1.821400000000000000e+04
1.855400000000000000e+04
2.137200000000000000e+04
1.775600000000000000e+04
1.957000000000000000e+03
2.004000000000000000e+03
1.902300000000000000e+04
1.986000000000000000e+03
1.779400000000000000e+04
2.144600000000000000e+04
1.723100000000000000e+04
1.753500000000000000e+04
1.736200000000000000e+04
1.835800000000000000e+04
1.769900000000000000e+04
1.838600000000000000e+04
2.127700000000000000e+04
1.835200000000000000e+04
1.730500000000000000e+04
1.878100000000000000e+04
1.830100000000000000e+04
1.736800000000000000e+04
1.972000000000000000e+03
1.815900000000000000e+04
1.734500000000000000e+04
1.887000000000000000e+04
1.858600000000000000e+04
1.819200000000000000e+04
1.795500000000000000e+04
1.755900000000000000e+04
1.863700000000000000e+04
1.823300000000000000e+04
1.749200000000000000e+04
1.770300000000000000e+04
1.859000000000000000e+04
1.942000000000000000e+03
1.751500000000000000e+04
1.744100000000000000e+04
2.076000000000000000e+03
1.729700000000000000e+04
1.863900000000000000e+04
1.732500000000000000e+04
1.816000000000000000e+04
1.748900000000000000e+04
1.754700000000000000e+04
1.758600000000000000e+04
1.858300000000000000e+04
1.777700000000000000e+04
1.765300000000000000e+04
2.825700000000000000e+04
1.993000000000000000e+03
1.821800000000000000e+04
1.866600000000000000e+04
1.777900000000000000e+04
1.910300000000000000e+04
1.818500000000000000e+04
1.886400000000000000e+04
1.794700000000000000e+04
1.791900000000000000e+04
1.798100000000000000e+04
1.800900000000000000e+04
1.928900000000000000e+04
1.760600000000000000e+04
1.798900000000000000e+04
1.772400000000000000e+04
1.757200000000000000e+04
1.756900000000000000e+04
1.886800000000000000e+04
1.962000000000000000e+03
1.756500000000000000e+04
1.727000000000000000e+04
1.743300000000000000e+04
1.853200000000000000e+04
1.795600000000000000e+04
1.778200000000000000e+04
1.915800000000000000e+04
1.851200000000000000e+04
1.794900000000000000e+04
1.992000000000000000e+03
1.805600000000000000e+04
1.837700000000000000e+04
1.749800000000000000e+04
1.884800000000000000e+04
1.752600000000000000e+04
2.042000000000000000e+03
2.080000000000000000e+03
1.765100000000000000e+04
1.790500000000000000e+04
1.725300000000000000e+04
2.100400000000000000e+04
1.742000000000000000e+04
1.764900000000000000e+04
1.785900000000000000e+04
1.857900000000000000e+04
1.767600000000000000e+04
2.023000000000000000e+03
1.768800000000000000e+04
1.720600000000000000e+04
1.750200000000000000e+04
1.730900000000000000e+04
1.850900000000000000e+04
1.752100000000000000e+04
1.880100000000000000e+04
1.830600000000000000e+04
1.808600000000000000e+04
1.852200000000000000e+04
1.787100000000000000e+04
1.882200000000000000e+04
1.786900000000000000e+04
1.746400000000000000e+04
1.720000000000000000e+04
1.849100000000000000e+04
2.127600000000000000e+04
1.794100000000000000e+04
1.799800000000000000e+04
1.829900000000000000e+04
1.876500000000000000e+04
1.996000000000000000e+03
1.739200000000000000e+04
1.977000000000000000e+03
1.882900000000000000e+04
1.802700000000000000e+04
1.731600000000000000e+04
1.796100000000000000e+04
1.755600000000000000e+04
1.854200000000000000e+04
2.170000000000000000e+04
1.796800000000000000e+04
1.753300000000000000e+04
1.739400000000000000e+04
1.939700000000000000e+04
1.798300000000000000e+04
1.748100000000000000e+04
1.833900000000000000e+04
1.743200000000000000e+04
1.804500000000000000e+04
1.838300000000000000e+04
1.767800000000000000e+04
1.987000000000000000e+03
1.821700000000000000e+04
1.720700000000000000e+04
1.723600000000000000e+04
1.722000000000000000e+04
1.824800000000000000e+04
2.016000000000000000e+03
2.054000000000000000e+03
1.745800000000000000e+04
1.738700000000000000e+04
1.789800000000000000e+04
1.859900000000000000e+04
1.782800000000000000e+04
1.830000000000000000e+04
2.001000000000000000e+03
1.769400000000000000e+04
1.743800000000000000e+04
1.875900000000000000e+04
1.819100000000000000e+04
1.750500000000000000e+04
1.844000000000000000e+04
1.801800000000000000e+04
1.850300000000000000e+04
1.724400000000000000e+04
1.736100000000000000e+04
1.726400000000000000e+04
1.794000000000000000e+04
1.853400000000000000e+04
1.737400000000000000e+04
1.772600000000000000e+04
1.780900000000000000e+04
1.811300000000000000e+04
1.864100000000000000e+04
1.743100000000000000e+04
1.762800000000000000e+04
1.821500000000000000e+04
1.756400000000000000e+04
1.737800000000000000e+04
1.758200000000000000e+04
1.722300000000000000e+04
1.791600000000000000e+04
1.932000000000000000e+03
1.963000000000000000e+03
1.800000000000000000e+04
1.858200000000000000e+04
1.812400000000000000e+04
1.890600000000000000e+04
1.792600000000000000e+04
1.853300000000000000e+04
1.789400000000000000e+04
1.810700000000000000e+04
1.838900000000000000e+04
1.739900000000000000e+04
1.748800000000000000e+04
1.776900000000000000e+04
1.775200000000000000e+04
1.721100000000000000e+04
1.803100000000000000e+04
1.765600000000000000e+04
1.850100000000000000e+04
1.990000000000000000e+03
1.837200000000000000e+04
2.060000000000000000e+03
1.747400000000000000e+04
1.860100000000000000e+04
1.749000000000000000e+04
1.804300000000000000e+04
1.978000000000000000e+03
1.816200000000000000e+04
1.861900000000000000e+04
1.727200000000000000e+04
1.826100000000000000e+04
1.812500000000000000e+04
1.884000000000000000e+04
1.852900000000000000e+04
1.770100000000000000e+04
1.750400000000000000e+04
1.830200000000000000e+04
1.767700000000000000e+04
1.787000000000000000e+04
1.878300000000000000e+04
1.814800000000000000e+04
1.759000000000000000e+04
1.750700000000000000e+04
1.733100000000000000e+04
1.778500000000000000e+04
1.797700000000000000e+04
1.775300000000000000e+04
1.768500000000000000e+04
2.116800000000000000e+04
1.975000000000000000e+03
1.720300000000000000e+04
1.823100000000000000e+04
2.040000000000000000e+03
2.050000000000000000e+03
1.814400000000000000e+04
1.800600000000000000e+04
1.771800000000000000e+04
1.838800000000000000e+04
1.820800000000000000e+04
1.728000000000000000e+04
1.781500000000000000e+04
1.769000000000000000e+04
1.875800000000000000e+04
1.924000000000000000e+04
1.878200000000000000e+04
1.800100000000000000e+04
1.820700000000000000e+04
1.762500000000000000e+04
1.837500000000000000e+04
1.800400000000000000e+04
1.973000000000000000e+03
1.746300000000000000e+04
1.734700000000000000e+04
1.994000000000000000e+03
1.794200000000000000e+04
1.730600000000000000e+04
1.827600000000000000e+04
1.779500000000000000e+04
1.881100000000000000e+04
1.875700000000000000e+04
1.744000000000000000e+04
1.802200000000000000e+04
1.929000000000000000e+03
2.013000000000000000e+03
1.853100000000000000e+04
1.822200000000000000e+04
1.778900000000000000e+04
1.750600000000000000e+04
1.731700000000000000e+04
1.809100000000000000e+04
1.859100000000000000e+04
1.773600000000000000e+04
1.748600000000000000e+04
1.726800000000000000e+04
1.820000000000000000e+04
1.917200000000000000e+04
2.031000000000000000e+03
1.958000000000000000e+03
1.774100000000000000e+04
1.730200000000000000e+04
1.821100000000000000e+04
1.854700000000000000e+04
1.924600000000000000e+04
1.730400000000000000e+04
1.789700000000000000e+04
1.973500000000000000e+04
1.735700000000000000e+04
1.733500000000000000e+04
2.030000000000000000e+03
1.734400000000000000e+04
1.847300000000000000e+04
2.091000000000000000e+03
1.764100000000000000e+04
1.783700000000000000e+04
1.775700000000000000e+04
1.764400000000000000e+04
1.777100000000000000e+04
1.801500000000000000e+04
1.723300000000000000e+04
1.843800000000000000e+04
1.763000000000000000e+04
1.722200000000000000e+04
1.889200000000000000e+04
1.722900000000000000e+04
2.059000000000000000e+03
1.784600000000000000e+04
1.727800000000000000e+04
2.012000000000000000e+03
1.834500000000000000e+04
1.722700000000000000e+04
1.763600000000000000e+04
1.741100000000000000e+04
1.778700000000000000e+04
1.737600000000000000e+04
1.777500000000000000e+04
1.799500000000000000e+04
1.793100000000000000e+04
1.782300000000000000e+04
1.783800000000000000e+04
1.800800000000000000e+04
1.747100000000000000e+04
1.798700000000000000e+04
1.769800000000000000e+04
1.747600000000000000e+04
1.761600000000000000e+04
1.732900000000000000e+04
1.732100000000000000e+04
1.734300000000000000e+04
1.823900000000000000e+04
1.773000000000000000e+04
1.815700000000000000e+04
1.722100000000000000e+04
1.765700000000000000e+04
2.090000000000000000e+03
1.797600000000000000e+04
1.781100000000000000e+04
2.149100000000000000e+04
1.939000000000000000e+03
1.745600000000000000e+04
1.743500000000000000e+04
1.788600000000000000e+04
1.826000000000000000e+04
1.937200000000000000e+04
1.860700000000000000e+04
1.822900000000000000e+04
1.791000000000000000e+04
1.943000000000000000e+03
1.725000000000000000e+04
1.795100000000000000e+04
2.016100000000000000e+04
1.938000000000000000e+03
1.754200000000000000e+04
1.812100000000000000e+04
1.898300000000000000e+04
1.861800000000000000e+04
2.078000000000000000e+03
1.773800000000000000e+04
1.786600000000000000e+04
1.832900000000000000e+04
1.811700000000000000e+04
1.757100000000000000e+04
1.857200000000000000e+04
1.738400000000000000e+04
1.732800000000000000e+04
1.797500000000000000e+04
1.868700000000000000e+04
1.730800000000000000e+04
2.075000000000000000e+03
1.957300000000000000e+04
1.727100000000000000e+04
1.814300000000000000e+04
1.806100000000000000e+04
1.881600000000000000e+04
1.830500000000000000e+04
1.744200000000000000e+04
1.779000000000000000e+04
1.753200000000000000e+04
2.092100000000000000e+04
1.826600000000000000e+04
1.871400000000000000e+04
1.814000000000000000e+04
1.784200000000000000e+04
1.771000000000000000e+04
1.786500000000000000e+04
1.799300000000000000e+04
1.728400000000000000e+04
1.767500000000000000e+04
1.741700000000000000e+04
1.934000000000000000e+03
1.811400000000000000e+04
1.810000000000000000e+04
1.737000000000000000e+04
2.032000000000000000e+03
1.815400000000000000e+04
1.802100000000000000e+04
1.908600000000000000e+04
1.822800000000000000e+04
1.768300000000000000e+04
1.934100000000000000e+04
2.082000000000000000e+03
1.768700000000000000e+04
1.763700000000000000e+04
1.807600000000000000e+04
1.744900000000000000e+04
1.910700000000000000e+04
1.747700000000000000e+04
1.795300000000000000e+04
1.874100000000000000e+04
1.793900000000000000e+04
1.825700000000000000e+04
1.787800000000000000e+04
1.892000000000000000e+04
1.829500000000000000e+04
1.745900000000000000e+04
1.845400000000000000e+04
1.753100000000000000e+04
1.794800000000000000e+04
1.826300000000000000e+04
1.784100000000000000e+04
1.726100000000000000e+04
1.729800000000000000e+04
2.003000000000000000e+03
1.727300000000000000e+04
1.776600000000000000e+04
1.759700000000000000e+04
1.866900000000000000e+04
1.841200000000000000e+04
1.723800000000000000e+04
1.733300000000000000e+04
1.980000000000000000e+03
1.817500000000000000e+04
1.827000000000000000e+04
1.793300000000000000e+04
1.778000000000000000e+04
1.779800000000000000e+04
1.768600000000000000e+04
1.721600000000000000e+04
1.760100000000000000e+04
1.836400000000000000e+04
1.768000000000000000e+04
1.773500000000000000e+04
1.898700000000000000e+04
1.842200000000000000e+04
1.777400000000000000e+04
1.776500000000000000e+04
1.750000000000000000e+04
1.966000000000000000e+03
1.995000000000000000e+03
1.750300000000000000e+04
1.814200000000000000e+04
1.843400000000000000e+04
1.825100000000000000e+04
1.960900000000000000e+04
1.734100000000000000e+04
1.735100000000000000e+04
1.764700000000000000e+04
1.724500000000000000e+04
1.806700000000000000e+04
1.796300000000000000e+04
2.085000000000000000e+03
1.813300000000000000e+04
1.747800000000000000e+04
1.822400000000000000e+04
1.830900000000000000e+04
1.794400000000000000e+04
1.807900000000000000e+04
1.782500000000000000e+04
1.775500000000000000e+04
1.774000000000000000e+04
1.820400000000000000e+04
1.824400000000000000e+04
1.731000000000000000e+04
2.056000000000000000e+03
1.956000000000000000e+03
2.051000000000000000e+03
1.827700000000000000e+04
1.833800000000000000e+04
1.781300000000000000e+04
1.832200000000000000e+04
1.754100000000000000e+04
1.953000000000000000e+03
1.811800000000000000e+04
1.878900000000000000e+04
2.053000000000000000e+03
1.776700000000000000e+04
1.848600000000000000e+04
1.788800000000000000e+04
1.781200000000000000e+04
2.041000000000000000e+03
1.847800000000000000e+04
1.852800000000000000e+04
1.829000000000000000e+04
1.827900000000000000e+04
1.779700000000000000e+04
1.826700000000000000e+04
1.765800000000000000e+04
1.848500000000000000e+04
1.806500000000000000e+04
1.744600000000000000e+04
1.853500000000000000e+04
1.742300000000000000e+04
1.974000000000000000e+03
1.999000000000000000e+03
1.877600000000000000e+04
1.746200000000000000e+04
1.783300000000000000e+04
1.752400000000000000e+04
1.784500000000000000e+04
1.917400000000000000e+04
1.769100000000000000e+04
1.770500000000000000e+04
1.868000000000000000e+04
1.775800000000000000e+04
1.738300000000000000e+04
1.766400000000000000e+04
2.088000000000000000e+03
1.828900000000000000e+04
1.813500000000000000e+04
1.779300000000000000e+04
1.949000000000000000e+03
1.795000000000000000e+04
1.851400000000000000e+04
1.850600000000000000e+04
1.950000000000000000e+03
1.796700000000000000e+04
2.092700000000000000e+04
1.796200000000000000e+04
1.738000000000000000e+04
1.823500000000000000e+04
1.733200000000000000e+04
1.780700000000000000e+04
1.787900000000000000e+04
1.828600000000000000e+04
1.845000000000000000e+04
1.825800000000000000e+04
1.745200000000000000e+04
2.072000000000000000e+03
1.797900000000000000e+04
1.823800000000000000e+04
1.753400000000000000e+04
1.888200000000000000e+04
2.053400000000000000e+04
1.878800000000000000e+04
1.828400000000000000e+04
1.768200000000000000e+04
1.914100000000000000e+04
1.776000000000000000e+04
1.801600000000000000e+04
1.721000000000000000e+04
1.757300000000000000e+04
1.799900000000000000e+04
1.831800000000000000e+04
1.813400000000000000e+04
1.858000000000000000e+04
1.828500000000000000e+04
1.840500000000000000e+04
1.921300000000000000e+04
1.721800000000000000e+04
1.761000000000000000e+04
1.979000000000000000e+03
1.782900000000000000e+04
1.760400000000000000e+04
1.732300000000000000e+04
1.793700000000000000e+04
1.842300000000000000e+04
1.769200000000000000e+04
1.796000000000000000e+04
1.799100000000000000e+04
1.811600000000000000e+04
1.802000000000000000e+04
1.810900000000000000e+04
1.821200000000000000e+04
1.772300000000000000e+04
1.732400000000000000e+04
1.809800000000000000e+04
1.739500000000000000e+04
1.799700000000000000e+04
1.913700000000000000e+04
1.751900000000000000e+04
2.083500000000000000e+04
1.817300000000000000e+04
1.868300000000000000e+04
1.742900000000000000e+04
1.931300000000000000e+04
1.798600000000000000e+04
1.813800000000000000e+04
1.747000000000000000e+04
1.770700000000000000e+04
1.778800000000000000e+04
1.789000000000000000e+04
1.791800000000000000e+04
1.807400000000000000e+04
1.796500000000000000e+04
1.848100000000000000e+04
1.898800000000000000e+04
1.807100000000000000e+04
2.035000000000000000e+03
1.734900000000000000e+04
1.803900000000000000e+04
1.735200000000000000e+04
1.763800000000000000e+04
1.848200000000000000e+04
1.752700000000000000e+04
1.836700000000000000e+04
2.038000000000000000e+03
2.022000000000000000e+03
1.784800000000000000e+04
1.850500000000000000e+04
1.751100000000000000e+04
1.820300000000000000e+04
2.015000000000000000e+03
1.783200000000000000e+04
1.777600000000000000e+04
1.820600000000000000e+04
1.836000000000000000e+04
1.856500000000000000e+04
1.749300000000000000e+04
2.020000000000000000e+03
1.766300000000000000e+04
1.869700000000000000e+04
1.835100000000000000e+04
1.785800000000000000e+04
1.960000000000000000e+03
1.738100000000000000e+04
1.726500000000000000e+04
1.794300000000000000e+04
2.065000000000000000e+03
1.927700000000000000e+04
1.926000000000000000e+03
1.742400000000000000e+04
1.741800000000000000e+04
1.869300000000000000e+04
1.785700000000000000e+04
2.007000000000000000e+03
1.824100000000000000e+04
1.914400000000000000e+04
1.783400000000000000e+04
1.741300000000000000e+04
1.831200000000000000e+04
1.989000000000000000e+03
1.894800000000000000e+04
1.849500000000000000e+04
1.773300000000000000e+04
1.828100000000000000e+04
1.887700000000000000e+04
1.846400000000000000e+04
2.005000000000000000e+03
1.807300000000000000e+04
1.829800000000000000e+04
1.752900000000000000e+04
1.807000000000000000e+04
1.804600000000000000e+04
1.753000000000000000e+04
1.797300000000000000e+04
1.844900000000000000e+04
1.739800000000000000e+04
1.787400000000000000e+04
1.823700000000000000e+04
1.762400000000000000e+04
1.817800000000000000e+04
1.778400000000000000e+04
1.840600000000000000e+04
1.793600000000000000e+04
1.854500000000000000e+04
1.991100000000000000e+04
1.774200000000000000e+04
1.810100000000000000e+04
1.809900000000000000e+04
1.761300000000000000e+04
1.867000000000000000e+04
1.759200000000000000e+04
1.721900000000000000e+04
1.757600000000000000e+04
1.803600000000000000e+04
1.998000000000000000e+03
1.834900000000000000e+04
1.767300000000000000e+04
1.734200000000000000e+04
1.812200000000000000e+04
1.887500000000000000e+04
1.746800000000000000e+04
1.816700000000000000e+04
2.168100000000000000e+04
1.749700000000000000e+04
1.802400000000000000e+04
1.986600000000000000e+04
1.779100000000000000e+04
1.788300000000000000e+04
1.869100000000000000e+04
1.771300000000000000e+04
1.837900000000000000e+04
1.784700000000000000e+04
1.817200000000000000e+04
1.766200000000000000e+04
1.766800000000000000e+04
1.776800000000000000e+04
1.786000000000000000e+04
1.855900000000000000e+04
2.027000000000000000e+03
1.805500000000000000e+04
1.787200000000000000e+04
1.731200000000000000e+04
1.765000000000000000e+04
1.782700000000000000e+04
1.952000000000000000e+03
1.761900000000000000e+04
1.954000000000000000e+03
1.817700000000000000e+04
1.867700000000000000e+04
1.840300000000000000e+04
1.940000000000000000e+03
1.793800000000000000e+04
2.001900000000000000e+04
1.814600000000000000e+04
1.737900000000000000e+04
1.959000000000000000e+03
2.161100000000000000e+04
1.775900000000000000e+04
1.844300000000000000e+04
1.766100000000000000e+04
1.891600000000000000e+04
1.745500000000000000e+04
1.873700000000000000e+04
2.025000000000000000e+03
1.764000000000000000e+04
1.810600000000000000e+04
1.793200000000000000e+04
1.809000000000000000e+04
1.724800000000000000e+04
1.722400000000000000e+04
1.863400000000000000e+04
1.800700000000000000e+04
1.777000000000000000e+04
1.755300000000000000e+04
1.832000000000000000e+04
1.739300000000000000e+04
1.802900000000000000e+04
1.771200000000000000e+04
2.023100000000000000e+04
1.736300000000000000e+04
1.736000000000000000e+04
1.902900000000000000e+04
1.748200000000000000e+04
1.836100000000000000e+04
1.735400000000000000e+04
1.769600000000000000e+04
1.866300000000000000e+04
1.721300000000000000e+04
1.803500000000000000e+04
1.868800000000000000e+04
1.828200000000000000e+04
1.766000000000000000e+04
1.736500000000000000e+04
1.823000000000000000e+04
1.758800000000000000e+04
1.762600000000000000e+04
1.754500000000000000e+04
1.745000000000000000e+04
1.991000000000000000e+03
1.746500000000000000e+04
1.906300000000000000e+04
2.025000000000000000e+04
1.817600000000000000e+04
1.766500000000000000e+04
1.751000000000000000e+04
1.754400000000000000e+04
1.984700000000000000e+04
1.823400000000000000e+04
2.079000000000000000e+03
1.856700000000000000e+04
1.841500000000000000e+04
2.073000000000000000e+04
1.756700000000000000e+04
1.733900000000000000e+04
1.840000000000000000e+04
1.805100000000000000e+04
1.818400000000000000e+04
1.865900000000000000e+04
1.874800000000000000e+04
1.804700000000000000e+04
1.790600000000000000e+04
1.771500000000000000e+04
1.755200000000000000e+04
1.742600000000000000e+04
1.855200000000000000e+04
1.807500000000000000e+04
1.735900000000000000e+04
1.773900000000000000e+04
2.139900000000000000e+04
1.771700000000000000e+04
1.784400000000000000e+04
1.904600000000000000e+04
1.920900000000000000e+04
1.808400000000000000e+04
1.879300000000000000e+04
1.752500000000000000e+04
1.828300000000000000e+04
1.846000000000000000e+04
1.983000000000000000e+03
1.790000000000000000e+04
1.840700000000000000e+04
1.761800000000000000e+04
1.790800000000000000e+04
2.086000000000000000e+03
1.791100000000000000e+04
1.810400000000000000e+04
1.964000000000000000e+03
1.766900000000000000e+04
1.967000000000000000e+03
1.798500000000000000e+04
1.781600000000000000e+04
1.776400000000000000e+04
1.773200000000000000e+04
1.741400000000000000e+04
1.815300000000000000e+04
1.843000000000000000e+04
1.744500000000000000e+04
1.816800000000000000e+04
1.828700000000000000e+04
1.873300000000000000e+04
1.785400000000000000e+04
1.859200000000000000e+04
1.807700000000000000e+04
1.778300000000000000e+04
2.045000000000000000e+03
1.817900000000000000e+04
