2.089400000000000000e+04
1.960700000000000000e+04
2.295000000000000000e+03
2.149400000000000000e+04
1.947500000000000000e+04
1.973100000000000000e+04
2.048900000000000000e+04
2.145000000000000000e+03
1.893500000000000000e+04
2.154400000000000000e+04
1.962600000000000000e+04
2.156300000000000000e+04
1.937100000000000000e+04
2.120100000000000000e+04
2.096000000000000000e+04
2.082900000000000000e+04
1.982700000000000000e+04
2.111800000000000000e+04
1.857500000000000000e+04
2.074200000000000000e+04
1.932200000000000000e+04
1.932000000000000000e+04
2.090500000000000000e+04
2.116000000000000000e+03
1.956700000000000000e+04
1.945000000000000000e+04
1.900000000000000000e+04
2.004700000000000000e+04
1.954500000000000000e+04
1.995500000000000000e+04
2.155400000000000000e+04
1.946800000000000000e+04
2.050800000000000000e+04
2.157500000000000000e+04
1.904200000000000000e+04
2.103200000000000000e+04
1.976100000000000000e+04
2.056400000000000000e+04
2.146900000000000000e+04
1.957900000000000000e+04
2.146100000000000000e+04
1.989700000000000000e+04
1.923700000000000000e+04
1.926800000000000000e+04
1.953500000000000000e+04
2.139100000000000000e+04
1.958700000000000000e+04
1.975900000000000000e+04
2.117100000000000000e+04
2.117800000000000000e+04
2.055300000000000000e+04
1.994000000000000000e+04
2.165900000000000000e+04
1.903300000000000000e+04
2.049800000000000000e+04
1.935000000000000000e+04
1.862400000000000000e+04
2.097200000000000000e+04
2.167200000000000000e+04
1.936300000000000000e+04
2.064800000000000000e+04
2.155300000000000000e+04
2.138100000000000000e+04
2.013000000000000000e+04
1.892700000000000000e+04
2.061000000000000000e+04
2.054900000000000000e+04
2.209000000000000000e+03
1.851600000000000000e+04
2.128900000000000000e+04
2.010400000000000000e+04
2.024100000000000000e+04
2.033700000000000000e+04
2.049900000000000000e+04
1.902100000000000000e+04
2.077500000000000000e+04
2.147000000000000000e+04
2.066700000000000000e+04
2.173200000000000000e+04
2.097400000000000000e+04
1.847000000000000000e+04
2.069400000000000000e+04
1.973200000000000000e+04
1.945300000000000000e+04
1.919300000000000000e+04
1.891100000000000000e+04
2.064100000000000000e+04
2.024800000000000000e+04
2.019300000000000000e+04
1.956000000000000000e+04
2.118800000000000000e+04
2.009900000000000000e+04
2.169600000000000000e+04
2.048200000000000000e+04
2.144400000000000000e+04
1.998800000000000000e+04
2.135300000000000000e+04
2.125800000000000000e+04
2.003300000000000000e+04
1.981700000000000000e+04
2.060100000000000000e+04
2.137000000000000000e+03
2.144100000000000000e+04
1.886100000000000000e+04
1.942100000000000000e+04
2.137500000000000000e+04
1.943200000000000000e+04
2.061700000000000000e+04
1.887900000000000000e+04
1.959200000000000000e+04
2.169400000000000000e+04
1.932500000000000000e+04
1.985300000000000000e+04
1.923200000000000000e+04
2.018300000000000000e+04
1.937700000000000000e+04
1.924400000000000000e+04
2.173500000000000000e+04
1.878700000000000000e+04
2.104800000000000000e+04
2.093500000000000000e+04
2.030900000000000000e+04
2.053200000000000000e+04
2.153900000000000000e+04
1.993700000000000000e+04
1.884100000000000000e+04
2.009300000000000000e+04
2.109900000000000000e+04
2.014800000000000000e+04
2.070100000000000000e+04
2.031900000000000000e+04
1.911700000000000000e+04
2.036300000000000000e+04
1.978700000000000000e+04
1.939800000000000000e+04
2.147300000000000000e+04
2.141100000000000000e+04
1.925100000000000000e+04
2.049000000000000000e+04
1.893900000000000000e+04
2.167800000000000000e+04
2.155500000000000000e+04
1.960600000000000000e+04
1.978600000000000000e+04
1.906600000000000000e+04
1.871800000000000000e+04
1.898500000000000000e+04
1.977900000000000000e+04
1.812600000000000000e+04
2.173600000000000000e+04
1.889800000000000000e+04
1.971900000000000000e+04
1.862500000000000000e+04
2.162200000000000000e+04
2.080400000000000000e+04
2.111000000000000000e+03
1.949700000000000000e+04
2.102200000000000000e+04
1.973900000000000000e+04
2.160900000000000000e+04
1.953800000000000000e+04
2.125700000000000000e+04
2.085300000000000000e+04
2.040700000000000000e+04
2.274000000000000000e+03
2.023300000000000000e+04
2.010900000000000000e+04
2.094700000000000000e+04
1.825300000000000000e+04
2.405000000000000000e+03
2.102500000000000000e+04
1.925400000000000000e+04
2.126400000000000000e+04
1.952600000000000000e+04
2.020200000000000000e+04
1.990000000000000000e+04
1.981800000000000000e+04
1.937500000000000000e+04
2.162300000000000000e+04
1.979200000000000000e+04
2.028500000000000000e+04
2.091200000000000000e+04
2.051000000000000000e+04
2.096500000000000000e+04
1.864300000000000000e+04
2.118500000000000000e+04
1.859300000000000000e+04
2.130100000000000000e+04
1.899700000000000000e+04
2.076100000000000000e+04
1.817400000000000000e+04
1.996500000000000000e+04
1.999600000000000000e+04
1.933700000000000000e+04
1.963000000000000000e+04
2.152900000000000000e+04
2.108700000000000000e+04
2.097900000000000000e+04
2.035700000000000000e+04
1.962900000000000000e+04
2.173000000000000000e+03
1.979000000000000000e+04
1.982900000000000000e+04
2.046300000000000000e+04
1.946300000000000000e+04
1.994800000000000000e+04
1.993200000000000000e+04
2.155700000000000000e+04
2.165200000000000000e+04
1.935500000000000000e+04
2.109500000000000000e+04
1.841700000000000000e+04
2.068900000000000000e+04
1.908400000000000000e+04
1.960300000000000000e+04
2.044400000000000000e+04
1.944500000000000000e+04
2.208000000000000000e+03
2.104000000000000000e+03
1.875500000000000000e+04
2.168200000000000000e+04
2.092900000000000000e+04
2.079500000000000000e+04
2.165700000000000000e+04
1.918200000000000000e+04
1.975600000000000000e+04
2.123800000000000000e+04
1.920100000000000000e+04
1.911800000000000000e+04
2.082800000000000000e+04
1.813900000000000000e+04
1.819300000000000000e+04
2.042100000000000000e+04
2.377000000000000000e+03
1.938500000000000000e+04
2.044500000000000000e+04
2.100000000000000000e+03
1.992500000000000000e+04
2.104900000000000000e+04
2.149900000000000000e+04
2.121000000000000000e+03
2.020100000000000000e+04
1.983500000000000000e+04
1.983600000000000000e+04
2.007600000000000000e+04
2.172700000000000000e+04
2.088200000000000000e+04
2.159400000000000000e+04
1.941800000000000000e+04
2.092400000000000000e+04
2.039900000000000000e+04
2.138000000000000000e+04
2.060600000000000000e+04
1.867500000000000000e+04
2.122900000000000000e+04
2.006000000000000000e+04
1.901000000000000000e+04
1.920000000000000000e+04
2.260000000000000000e+03
2.020500000000000000e+04
1.927800000000000000e+04
2.042600000000000000e+04
2.016300000000000000e+04
1.994100000000000000e+04
1.860500000000000000e+04
2.171100000000000000e+04
2.002700000000000000e+04
2.017300000000000000e+04
1.997300000000000000e+04
1.846700000000000000e+04
2.150400000000000000e+04
2.145800000000000000e+04
2.089000000000000000e+04
2.142800000000000000e+04
2.169700000000000000e+04
1.842900000000000000e+04
2.032100000000000000e+04
2.292000000000000000e+03
2.147400000000000000e+04
2.084700000000000000e+04
1.889300000000000000e+04
1.879900000000000000e+04
2.092800000000000000e+04
1.832400000000000000e+04
1.937400000000000000e+04
2.282000000000000000e+03
1.920500000000000000e+04
1.957800000000000000e+04
1.926200000000000000e+04
1.938400000000000000e+04
2.074500000000000000e+04
2.065000000000000000e+04
1.839300000000000000e+04
2.075800000000000000e+04
1.968600000000000000e+04
1.972400000000000000e+04
2.154900000000000000e+04
1.980800000000000000e+04
1.956900000000000000e+04
1.869000000000000000e+04
1.953700000000000000e+04
1.837300000000000000e+04
2.042300000000000000e+04
1.989000000000000000e+04
2.171400000000000000e+04
2.080600000000000000e+04
2.001300000000000000e+04
2.112600000000000000e+04
1.898400000000000000e+04
1.980400000000000000e+04
2.096400000000000000e+04
2.163400000000000000e+04
1.801100000000000000e+04
2.000100000000000000e+04
2.093200000000000000e+04
2.101000000000000000e+04
2.173300000000000000e+04
2.144500000000000000e+04
1.955000000000000000e+04
2.202000000000000000e+03
1.912200000000000000e+04
2.109000000000000000e+04
1.932600000000000000e+04
1.951900000000000000e+04
2.290000000000000000e+03
2.039400000000000000e+04
2.275000000000000000e+03
2.148100000000000000e+04
1.991300000000000000e+04
1.905500000000000000e+04
2.055100000000000000e+04
2.192000000000000000e+03
1.912600000000000000e+04
2.079200000000000000e+04
2.225000000000000000e+03
2.071600000000000000e+04
2.129500000000000000e+04
1.849800000000000000e+04
2.038600000000000000e+04
2.113700000000000000e+04
2.063600000000000000e+04
2.099800000000000000e+04
2.118000000000000000e+04
2.015700000000000000e+04
2.076300000000000000e+04
2.391000000000000000e+03
2.038500000000000000e+04
2.066600000000000000e+04
2.042800000000000000e+04
2.018600000000000000e+04
1.902500000000000000e+04
2.164100000000000000e+04
1.952700000000000000e+04
2.107300000000000000e+04
1.983900000000000000e+04
1.910600000000000000e+04
1.996800000000000000e+04
2.163900000000000000e+04
2.280000000000000000e+03
2.083600000000000000e+04
1.946400000000000000e+04
1.832100000000000000e+04
1.918900000000000000e+04
2.099700000000000000e+04
2.389000000000000000e+03
2.032800000000000000e+04
2.107700000000000000e+04
2.355000000000000000e+03
2.127800000000000000e+04
2.068800000000000000e+04
1.988300000000000000e+04
2.123300000000000000e+04
1.994600000000000000e+04
2.093700000000000000e+04
2.015800000000000000e+04
2.031600000000000000e+04
2.015600000000000000e+04
2.062800000000000000e+04
2.419000000000000000e+03
1.896500000000000000e+04
2.032300000000000000e+04
1.972700000000000000e+04
2.055000000000000000e+04
2.100500000000000000e+04
2.000800000000000000e+04
1.992600000000000000e+04
2.101000000000000000e+03
2.162000000000000000e+03
2.104000000000000000e+04
2.006300000000000000e+04
2.133100000000000000e+04
2.324000000000000000e+03
2.123700000000000000e+04
1.975400000000000000e+04
2.017400000000000000e+04
1.885300000000000000e+04
2.039800000000000000e+04
2.085100000000000000e+04
1.973800000000000000e+04
2.143500000000000000e+04
2.155000000000000000e+04
2.170500000000000000e+04
1.944800000000000000e+04
2.130200000000000000e+04
2.033900000000000000e+04
1.944000000000000000e+04
1.911500000000000000e+04
2.039700000000000000e+04
1.969800000000000000e+04
1.934900000000000000e+04
1.949300000000000000e+04
1.950800000000000000e+04
1.901200000000000000e+04
2.026800000000000000e+04
2.137300000000000000e+04
1.989300000000000000e+04
2.129000000000000000e+03
2.158700000000000000e+04
2.048000000000000000e+04
1.965900000000000000e+04
2.077900000000000000e+04
2.131300000000000000e+04
2.024000000000000000e+04
1.937900000000000000e+04
2.090600000000000000e+04
2.005600000000000000e+04
1.938200000000000000e+04
2.011100000000000000e+04
2.186000000000000000e+03
2.166800000000000000e+04
1.919200000000000000e+04
2.172000000000000000e+03
1.889600000000000000e+04
2.242000000000000000e+03
1.899400000000000000e+04
2.013400000000000000e+04
2.046900000000000000e+04
2.017200000000000000e+04
1.998700000000000000e+04
2.022800000000000000e+04
1.971000000000000000e+04
2.019900000000000000e+04
2.168600000000000000e+04
2.075000000000000000e+04
2.109000000000000000e+03
1.916400000000000000e+04
2.069000000000000000e+04
2.046400000000000000e+04
2.064400000000000000e+04
1.848900000000000000e+04
2.072500000000000000e+04
1.992300000000000000e+04
1.881300000000000000e+04
2.081500000000000000e+04
1.877500000000000000e+04
2.115400000000000000e+04
2.156500000000000000e+04
2.316000000000000000e+03
2.095600000000000000e+04
1.940500000000000000e+04
1.997900000000000000e+04
2.052000000000000000e+04
1.871100000000000000e+04
1.952300000000000000e+04
1.915500000000000000e+04
2.015900000000000000e+04
2.131100000000000000e+04
1.923000000000000000e+04
2.068000000000000000e+04
2.312000000000000000e+03
2.094400000000000000e+04
1.883400000000000000e+04
1.942000000000000000e+04
1.905800000000000000e+04
1.875400000000000000e+04
2.009200000000000000e+04
2.168800000000000000e+04
2.154200000000000000e+04
1.999500000000000000e+04
2.002100000000000000e+04
2.110200000000000000e+04
2.064900000000000000e+04
2.135800000000000000e+04
1.940700000000000000e+04
2.131500000000000000e+04
2.101500000000000000e+04
2.042500000000000000e+04
1.881900000000000000e+04
2.166400000000000000e+04
2.027600000000000000e+04
1.999300000000000000e+04
1.914900000000000000e+04
2.061300000000000000e+04
1.959100000000000000e+04
1.986100000000000000e+04
1.964600000000000000e+04
2.069700000000000000e+04
2.085900000000000000e+04
2.396000000000000000e+03
2.082400000000000000e+04
2.128200000000000000e+04
1.861700000000000000e+04
2.128000000000000000e+03
2.099400000000000000e+04
2.134400000000000000e+04
2.057000000000000000e+04
2.332000000000000000e+03
1.950900000000000000e+04
2.362000000000000000e+03
2.421000000000000000e+03
2.150600000000000000e+04
1.969100000000000000e+04
2.086700000000000000e+04
1.976300000000000000e+04
1.981300000000000000e+04
1.932800000000000000e+04
1.872200000000000000e+04
2.003600000000000000e+04
2.381000000000000000e+03
2.164000000000000000e+04
2.101600000000000000e+04
2.018400000000000000e+04
2.018700000000000000e+04
2.110400000000000000e+04
1.929500000000000000e+04
2.113400000000000000e+04
1.962500000000000000e+04
1.832500000000000000e+04
2.074900000000000000e+04
2.045500000000000000e+04
2.086300000000000000e+04
1.995600000000000000e+04
2.047800000000000000e+04
1.945400000000000000e+04
1.934400000000000000e+04
1.947600000000000000e+04
2.165500000000000000e+04
1.870500000000000000e+04
1.935600000000000000e+04
1.932900000000000000e+04
2.020600000000000000e+04
2.113200000000000000e+04
2.171900000000000000e+04
2.067500000000000000e+04
2.346000000000000000e+03
1.957200000000000000e+04
2.102000000000000000e+03
2.045600000000000000e+04
2.048800000000000000e+04
2.121700000000000000e+04
2.117000000000000000e+04
1.991700000000000000e+04
1.975000000000000000e+04
1.927400000000000000e+04
1.870400000000000000e+04
2.249000000000000000e+03
2.067300000000000000e+04
2.159700000000000000e+04
1.903800000000000000e+04
2.088700000000000000e+04
1.900300000000000000e+04
1.923300000000000000e+04
1.868600000000000000e+04
2.101200000000000000e+04
2.119700000000000000e+04
2.326000000000000000e+03
2.097800000000000000e+04
1.917000000000000000e+04
1.925500000000000000e+04
2.081700000000000000e+04
2.132200000000000000e+04
2.047900000000000000e+04
2.050100000000000000e+04
2.061800000000000000e+04
2.278000000000000000e+03
2.394000000000000000e+03
2.037200000000000000e+04
2.124300000000000000e+04
2.001500000000000000e+04
2.035200000000000000e+04
2.005500000000000000e+04
2.108500000000000000e+04
2.116000000000000000e+04
2.030000000000000000e+04
2.083700000000000000e+04
2.190000000000000000e+03
2.399000000000000000e+03
2.157600000000000000e+04
1.857000000000000000e+04
2.384000000000000000e+03
2.003100000000000000e+04
1.892500000000000000e+04
2.101900000000000000e+04
2.125100000000000000e+04
2.036200000000000000e+04
2.313000000000000000e+03
1.917500000000000000e+04
2.132500000000000000e+04
1.913400000000000000e+04
2.121600000000000000e+04
2.146700000000000000e+04
2.145000000000000000e+04
1.952100000000000000e+04
1.818000000000000000e+04
2.136100000000000000e+04
2.080500000000000000e+04
2.109300000000000000e+04
2.011700000000000000e+04
1.965100000000000000e+04
2.060700000000000000e+04
1.968800000000000000e+04
1.988600000000000000e+04
1.902600000000000000e+04
1.907700000000000000e+04
2.111300000000000000e+04
2.191000000000000000e+03
1.989500000000000000e+04
2.046700000000000000e+04
2.125500000000000000e+04
2.100900000000000000e+04
2.006200000000000000e+04
2.156000000000000000e+03
1.964000000000000000e+04
1.994500000000000000e+04
2.024400000000000000e+04
2.369000000000000000e+03
2.042400000000000000e+04
2.117300000000000000e+04
2.153600000000000000e+04
1.962300000000000000e+04
2.037400000000000000e+04
1.905900000000000000e+04
2.062600000000000000e+04
1.947400000000000000e+04
2.103400000000000000e+04
2.000400000000000000e+04
2.138500000000000000e+04
1.955800000000000000e+04
2.096300000000000000e+04
2.173100000000000000e+04
2.165100000000000000e+04
2.134000000000000000e+04
1.919400000000000000e+04
1.899000000000000000e+04
2.014500000000000000e+04
1.892100000000000000e+04
1.922200000000000000e+04
1.968500000000000000e+04
1.909900000000000000e+04
2.410000000000000000e+03
2.030700000000000000e+04
1.862200000000000000e+04
2.148800000000000000e+04
1.900700000000000000e+04
1.882600000000000000e+04
2.001700000000000000e+04
2.163700000000000000e+04
1.990800000000000000e+04
2.039300000000000000e+04
2.105000000000000000e+04
2.009700000000000000e+04
2.252000000000000000e+03
2.027400000000000000e+04
2.109100000000000000e+04
1.833100000000000000e+04
2.169900000000000000e+04
2.031700000000000000e+04
1.861300000000000000e+04
2.172500000000000000e+04
2.007100000000000000e+04
2.065700000000000000e+04
2.124000000000000000e+03
1.940600000000000000e+04
1.980600000000000000e+04
2.077600000000000000e+04
1.941400000000000000e+04
1.901400000000000000e+04
2.067600000000000000e+04
1.941500000000000000e+04
1.929800000000000000e+04
2.141700000000000000e+04
2.144700000000000000e+04
2.143400000000000000e+04
1.973400000000000000e+04
2.019600000000000000e+04
2.171700000000000000e+04
2.139400000000000000e+04
1.940900000000000000e+04
1.990200000000000000e+04
1.840100000000000000e+04
2.043500000000000000e+04
1.912500000000000000e+04
2.148500000000000000e+04
1.918700000000000000e+04
2.137900000000000000e+04
2.079000000000000000e+04
1.920400000000000000e+04
1.997100000000000000e+04
2.018200000000000000e+04
1.886700000000000000e+04
2.039500000000000000e+04
2.181000000000000000e+03
1.944600000000000000e+04
2.031300000000000000e+04
1.984400000000000000e+04
1.962200000000000000e+04
2.364000000000000000e+03
1.988900000000000000e+04
2.031200000000000000e+04
2.170000000000000000e+03
1.960000000000000000e+04
1.880900000000000000e+04
2.020900000000000000e+04
nan
1.984600000000000000e+04
2.166000000000000000e+04
1.956600000000000000e+04
2.103100000000000000e+04
1.895600000000000000e+04
2.060000000000000000e+04
2.160300000000000000e+04
2.044700000000000000e+04
1.949800000000000000e+04
2.104400000000000000e+04
1.958300000000000000e+04
2.125300000000000000e+04
1.976400000000000000e+04
2.034900000000000000e+04
2.049400000000000000e+04
1.979300000000000000e+04
2.046500000000000000e+04
2.012700000000000000e+04
1.976000000000000000e+04
1.971300000000000000e+04
1.931800000000000000e+04
1.968700000000000000e+04
2.158900000000000000e+04
2.142300000000000000e+04
2.130300000000000000e+04
1.911000000000000000e+04
1.963200000000000000e+04
2.288000000000000000e+03
1.988100000000000000e+04
2.180000000000000000e+03
2.055600000000000000e+04
2.291000000000000000e+03
2.059700000000000000e+04
2.038700000000000000e+04
2.112300000000000000e+04
2.106900000000000000e+04
1.976600000000000000e+04
1.874500000000000000e+04
2.132400000000000000e+04
1.820500000000000000e+04
2.011500000000000000e+04
2.348000000000000000e+03
2.042000000000000000e+04
2.068600000000000000e+04
2.087700000000000000e+04
2.170100000000000000e+04
2.053100000000000000e+04
1.986900000000000000e+04
2.157000000000000000e+03
2.170700000000000000e+04
1.939600000000000000e+04
2.019700000000000000e+04
1.897500000000000000e+04
2.054300000000000000e+04
1.912700000000000000e+04
2.170900000000000000e+04
1.919900000000000000e+04
2.062100000000000000e+04
2.138000000000000000e+03
2.140000000000000000e+04
2.118900000000000000e+04
2.099000000000000000e+03
2.152700000000000000e+04
1.855000000000000000e+04
2.028200000000000000e+04
2.065400000000000000e+04
2.141500000000000000e+04
1.967600000000000000e+04
2.161200000000000000e+04
1.943400000000000000e+04
2.115300000000000000e+04
1.993300000000000000e+04
1.892900000000000000e+04
2.082200000000000000e+04
2.057900000000000000e+04
1.908500000000000000e+04
2.038800000000000000e+04
1.970000000000000000e+04
2.145500000000000000e+04
2.110000000000000000e+03
2.095000000000000000e+04
2.167300000000000000e+04
2.007500000000000000e+04
2.083200000000000000e+04
2.138200000000000000e+04
1.836300000000000000e+04
1.874300000000000000e+04
2.064200000000000000e+04
2.164200000000000000e+04
2.059200000000000000e+04
2.040000000000000000e+04
1.918500000000000000e+04
2.141800000000000000e+04
2.050200000000000000e+04
1.977600000000000000e+04
1.970200000000000000e+04
2.143600000000000000e+04
1.986500000000000000e+04
2.052600000000000000e+04
2.054600000000000000e+04
1.894100000000000000e+04
1.883000000000000000e+04
2.198000000000000000e+03
2.058800000000000000e+04
2.134100000000000000e+04
2.010800000000000000e+04
2.064500000000000000e+04
1.951600000000000000e+04
2.008100000000000000e+04
2.151800000000000000e+04
2.154100000000000000e+04
1.930800000000000000e+04
2.079700000000000000e+04
2.125600000000000000e+04
2.052800000000000000e+04
2.153100000000000000e+04
2.167100000000000000e+04
1.901800000000000000e+04
1.922700000000000000e+04
2.166300000000000000e+04
2.145400000000000000e+04
1.985000000000000000e+04
2.075400000000000000e+04
2.232000000000000000e+03
1.964100000000000000e+04
2.136200000000000000e+04
1.922000000000000000e+04
2.139800000000000000e+04
1.973300000000000000e+04
2.102300000000000000e+04
2.102400000000000000e+04
2.122000000000000000e+04
1.922900000000000000e+04
2.126900000000000000e+04
2.025900000000000000e+04
1.949500000000000000e+04
2.000300000000000000e+04
2.142000000000000000e+04
2.047400000000000000e+04
2.028700000000000000e+04
2.007700000000000000e+04
2.124700000000000000e+04
2.022900000000000000e+04
1.921000000000000000e+04
1.948200000000000000e+04
1.993500000000000000e+04
2.096000000000000000e+03
1.905200000000000000e+04
1.898900000000000000e+04
1.951200000000000000e+04
2.154500000000000000e+04
2.116100000000000000e+04
2.106200000000000000e+04
1.999200000000000000e+04
2.032700000000000000e+04
2.146200000000000000e+04
2.014000000000000000e+04
1.995400000000000000e+04
2.066100000000000000e+04
2.030200000000000000e+04
2.113000000000000000e+04
2.132800000000000000e+04
2.015400000000000000e+04
2.101400000000000000e+04
2.119600000000000000e+04
1.923900000000000000e+04
1.996700000000000000e+04
2.106000000000000000e+04
2.264000000000000000e+03
2.106500000000000000e+04
1.961700000000000000e+04
2.111100000000000000e+04
2.028600000000000000e+04
2.404000000000000000e+03
2.001600000000000000e+04
1.896000000000000000e+04
1.897200000000000000e+04
2.221000000000000000e+03
2.160400000000000000e+04
2.140400000000000000e+04
2.058100000000000000e+04
2.026000000000000000e+04
2.111700000000000000e+04
2.183000000000000000e+03
2.076400000000000000e+04
1.944100000000000000e+04
1.977200000000000000e+04
2.116200000000000000e+04
2.000500000000000000e+04
2.151300000000000000e+04
1.849200000000000000e+04
2.374000000000000000e+03
2.160700000000000000e+04
1.848700000000000000e+04
2.056900000000000000e+04
2.223000000000000000e+03
1.994300000000000000e+04
1.911900000000000000e+04
2.082000000000000000e+04
1.860800000000000000e+04
2.234000000000000000e+03
2.018500000000000000e+04
1.902000000000000000e+04
2.012200000000000000e+04
2.006400000000000000e+04
2.195000000000000000e+03
2.023000000000000000e+04
1.873900000000000000e+04
2.095400000000000000e+04
2.137100000000000000e+04
2.023400000000000000e+04
2.079800000000000000e+04
1.901100000000000000e+04
2.408000000000000000e+03
1.917900000000000000e+04
2.032600000000000000e+04
1.984000000000000000e+04
2.165800000000000000e+04
1.866000000000000000e+04
1.945600000000000000e+04
2.173700000000000000e+04
1.909000000000000000e+04
1.894500000000000000e+04
1.949400000000000000e+04
1.881700000000000000e+04
1.982200000000000000e+04
2.053800000000000000e+04
2.177000000000000000e+03
2.089900000000000000e+04
2.359000000000000000e+03
2.044300000000000000e+04
1.904100000000000000e+04
2.416000000000000000e+03
1.959600000000000000e+04
1.986200000000000000e+04
2.147000000000000000e+03
1.895000000000000000e+04
2.236000000000000000e+03
1.910500000000000000e+04
1.856400000000000000e+04
2.096800000000000000e+04
1.989900000000000000e+04
2.040900000000000000e+04
2.122500000000000000e+04
1.971800000000000000e+04
1.992900000000000000e+04
2.129200000000000000e+04
1.958400000000000000e+04
1.896200000000000000e+04
1.932100000000000000e+04
2.038000000000000000e+04
1.913100000000000000e+04
1.954300000000000000e+04
2.051300000000000000e+04
1.982400000000000000e+04
2.005400000000000000e+04
2.002000000000000000e+04
1.864000000000000000e+04
2.354000000000000000e+03
2.133200000000000000e+04
2.022100000000000000e+04
2.103300000000000000e+04
1.929600000000000000e+04
2.024900000000000000e+04
2.080300000000000000e+04
2.038900000000000000e+04
2.285000000000000000e+03
1.959900000000000000e+04
2.360000000000000000e+03
2.099300000000000000e+04
2.153000000000000000e+04
1.931600000000000000e+04
2.074400000000000000e+04
2.104700000000000000e+04
1.862700000000000000e+04
1.844400000000000000e+04
1.950400000000000000e+04
2.055700000000000000e+04
1.914800000000000000e+04
2.127100000000000000e+04
2.164600000000000000e+04
1.975700000000000000e+04
1.924800000000000000e+04
2.142400000000000000e+04
2.087400000000000000e+04
2.052900000000000000e+04
2.127200000000000000e+04
2.092000000000000000e+04
1.886300000000000000e+04
2.097100000000000000e+04
1.953600000000000000e+04
1.880600000000000000e+04
2.004200000000000000e+04
1.999900000000000000e+04
2.036400000000000000e+04
1.967800000000000000e+04
1.961100000000000000e+04
1.894200000000000000e+04
1.822100000000000000e+04
2.055200000000000000e+04
2.080700000000000000e+04
2.124200000000000000e+04
1.972600000000000000e+04
1.855800000000000000e+04
1.882700000000000000e+04
2.258000000000000000e+03
2.069800000000000000e+04
2.162900000000000000e+04
1.936500000000000000e+04
1.984100000000000000e+04
2.152200000000000000e+04
2.158500000000000000e+04
2.073100000000000000e+04
1.907500000000000000e+04
2.073300000000000000e+04
2.079900000000000000e+04
1.985900000000000000e+04
2.424000000000000000e+03
2.029400000000000000e+04
2.029800000000000000e+04
1.865300000000000000e+04
2.124900000000000000e+04
1.999400000000000000e+04
2.116600000000000000e+04
2.076800000000000000e+04
2.112200000000000000e+04
1.851100000000000000e+04
1.931100000000000000e+04
2.028800000000000000e+04
1.946700000000000000e+04
2.131000000000000000e+03
1.906500000000000000e+04
2.144200000000000000e+04
2.078500000000000000e+04
1.879000000000000000e+04
2.136000000000000000e+03
2.105400000000000000e+04
1.894600000000000000e+04
2.091000000000000000e+04
2.104300000000000000e+04
1.931900000000000000e+04
2.172800000000000000e+04
2.086800000000000000e+04
1.969900000000000000e+04
1.929100000000000000e+04
1.942400000000000000e+04
2.135500000000000000e+04
2.087300000000000000e+04
1.846600000000000000e+04
2.393000000000000000e+03
1.864200000000000000e+04
1.890300000000000000e+04
1.909300000000000000e+04
2.148300000000000000e+04
1.905600000000000000e+04
2.134700000000000000e+04
2.078200000000000000e+04
1.956800000000000000e+04
2.376000000000000000e+03
1.972800000000000000e+04
2.164300000000000000e+04
2.156700000000000000e+04
1.875300000000000000e+04
2.101800000000000000e+04
2.058500000000000000e+04
2.014600000000000000e+04
2.045700000000000000e+04
2.029600000000000000e+04
1.969600000000000000e+04
2.110500000000000000e+04
1.990700000000000000e+04
1.966400000000000000e+04
2.010000000000000000e+04
2.146400000000000000e+04
2.092600000000000000e+04
1.899800000000000000e+04
1.956400000000000000e+04
2.098400000000000000e+04
2.120200000000000000e+04
1.913200000000000000e+04
2.132900000000000000e+04
2.150000000000000000e+03
1.995300000000000000e+04
2.244000000000000000e+03
1.926000000000000000e+04
2.095300000000000000e+04
2.080000000000000000e+04
2.174000000000000000e+03
2.068700000000000000e+04
1.944400000000000000e+04
2.156900000000000000e+04
1.909100000000000000e+04
2.001400000000000000e+04
1.870000000000000000e+04
2.148200000000000000e+04
2.047600000000000000e+04
1.894300000000000000e+04
2.218000000000000000e+03
1.957700000000000000e+04
2.271000000000000000e+03
1.870300000000000000e+04
2.089300000000000000e+04
1.911100000000000000e+04
1.978500000000000000e+04
2.051400000000000000e+04
1.970300000000000000e+04
2.375000000000000000e+03
1.901300000000000000e+04
1.987800000000000000e+04
2.136800000000000000e+04
1.953000000000000000e+04
1.980500000000000000e+04
2.007900000000000000e+04
2.115900000000000000e+04
2.339000000000000000e+03
1.916800000000000000e+04
2.072400000000000000e+04
2.119900000000000000e+04
2.090800000000000000e+04
2.110800000000000000e+04
2.036500000000000000e+04
2.040600000000000000e+04
2.161600000000000000e+04
2.169000000000000000e+03
2.395000000000000000e+03
1.941700000000000000e+04
2.011300000000000000e+04
1.949900000000000000e+04
2.073700000000000000e+04
2.092200000000000000e+04
1.876000000000000000e+04
1.897700000000000000e+04
2.076700000000000000e+04
2.032900000000000000e+04
2.116700000000000000e+04
2.167000000000000000e+03
2.103900000000000000e+04
2.060400000000000000e+04
1.886200000000000000e+04
2.098900000000000000e+04
2.065200000000000000e+04
2.272000000000000000e+03
1.946000000000000000e+04
2.108600000000000000e+04
1.983000000000000000e+04
2.120400000000000000e+04
2.110900000000000000e+04
2.095800000000000000e+04
2.350000000000000000e+03
1.838000000000000000e+04
1.895500000000000000e+04
1.946900000000000000e+04
2.090900000000000000e+04
2.024200000000000000e+04
1.931500000000000000e+04
1.901700000000000000e+04
1.885700000000000000e+04
2.163100000000000000e+04
2.331000000000000000e+03
2.129800000000000000e+04
2.027500000000000000e+04
2.371000000000000000e+03
2.138700000000000000e+04
2.025200000000000000e+04
1.839000000000000000e+04
2.036000000000000000e+04
2.093100000000000000e+04
2.134900000000000000e+04
2.041300000000000000e+04
2.150200000000000000e+04
1.941600000000000000e+04
2.133900000000000000e+04
1.836200000000000000e+04
2.139500000000000000e+04
2.026300000000000000e+04
2.311000000000000000e+03
2.171200000000000000e+04
2.090300000000000000e+04
1.897100000000000000e+04
2.095100000000000000e+04
2.133300000000000000e+04
1.953900000000000000e+04
2.407000000000000000e+03
1.995100000000000000e+04
2.009600000000000000e+04
2.129100000000000000e+04
1.925200000000000000e+04
2.167400000000000000e+04
1.908000000000000000e+04
1.921200000000000000e+04
1.916000000000000000e+04
1.843100000000000000e+04
2.194000000000000000e+03
2.014900000000000000e+04
2.062300000000000000e+04
1.921900000000000000e+04
2.093300000000000000e+04
2.172400000000000000e+04
1.878400000000000000e+04
2.050000000000000000e+04
2.005700000000000000e+04
2.041400000000000000e+04
1.920300000000000000e+04
2.078600000000000000e+04
2.014100000000000000e+04
2.056100000000000000e+04
2.117200000000000000e+04
1.888300000000000000e+04
2.021800000000000000e+04
2.241000000000000000e+03
1.957400000000000000e+04
2.063900000000000000e+04
2.077700000000000000e+04
2.049200000000000000e+04
2.033800000000000000e+04
1.976700000000000000e+04
1.860900000000000000e+04
1.970700000000000000e+04
2.008900000000000000e+04
2.072100000000000000e+04
2.022200000000000000e+04
2.048500000000000000e+04
2.116300000000000000e+04
2.318000000000000000e+03
2.072300000000000000e+04
1.861600000000000000e+04
1.893400000000000000e+04
2.048100000000000000e+04
2.036700000000000000e+04
2.130900000000000000e+04
2.361000000000000000e+03
1.907800000000000000e+04
1.952900000000000000e+04
2.071700000000000000e+04
1.880800000000000000e+04
1.900500000000000000e+04
2.084400000000000000e+04
2.060200000000000000e+04
2.085400000000000000e+04
1.954800000000000000e+04
2.085200000000000000e+04
1.923400000000000000e+04
1.984500000000000000e+04
2.086000000000000000e+04
2.001200000000000000e+04
1.879200000000000000e+04
2.041800000000000000e+04
2.053600000000000000e+04
1.964900000000000000e+04
2.077800000000000000e+04
2.168500000000000000e+04
2.065800000000000000e+04
1.913000000000000000e+04
2.254000000000000000e+03
2.045100000000000000e+04
2.114900000000000000e+04
2.069600000000000000e+04
2.153800000000000000e+04
1.900400000000000000e+04
2.127500000000000000e+04
1.906800000000000000e+04
1.989100000000000000e+04
2.014400000000000000e+04
2.130700000000000000e+04
2.048400000000000000e+04
2.114400000000000000e+04
2.036600000000000000e+04
1.938600000000000000e+04
1.946600000000000000e+04
2.011900000000000000e+04
2.101300000000000000e+04
1.887600000000000000e+04
1.812800000000000000e+04
2.037300000000000000e+04
2.150900000000000000e+04
1.970100000000000000e+04
2.141200000000000000e+04
1.841300000000000000e+04
2.099100000000000000e+04
1.877000000000000000e+04
2.070200000000000000e+04
1.951100000000000000e+04
2.365000000000000000e+03
2.087100000000000000e+04
2.197000000000000000e+03
2.031500000000000000e+04
2.003500000000000000e+04
2.073200000000000000e+04
2.146800000000000000e+04
2.152400000000000000e+04
1.916900000000000000e+04
2.126000000000000000e+03
1.974400000000000000e+04
1.864800000000000000e+04
1.978000000000000000e+04
2.049500000000000000e+04
2.142700000000000000e+04
1.969200000000000000e+04
2.103000000000000000e+04
2.385000000000000000e+03
2.120900000000000000e+04
2.002800000000000000e+04
1.903600000000000000e+04
2.015200000000000000e+04
2.147800000000000000e+04
1.999100000000000000e+04
1.883700000000000000e+04
1.934200000000000000e+04
2.004600000000000000e+04
2.139300000000000000e+04
2.149000000000000000e+03
2.064300000000000000e+04
1.981600000000000000e+04
2.388000000000000000e+03
2.003200000000000000e+04
1.906000000000000000e+04
2.016800000000000000e+04
2.034200000000000000e+04
1.924200000000000000e+04
1.889100000000000000e+04
1.898200000000000000e+04
2.018100000000000000e+04
1.925900000000000000e+04
1.981500000000000000e+04
1.950000000000000000e+04
2.030600000000000000e+04
2.343000000000000000e+03
2.107900000000000000e+04
1.958500000000000000e+04
1.909400000000000000e+04
2.046200000000000000e+04
2.207000000000000000e+03
1.911400000000000000e+04
2.148600000000000000e+04
2.004900000000000000e+04
1.833300000000000000e+04
2.063000000000000000e+04
2.132600000000000000e+04
1.939500000000000000e+04
1.872100000000000000e+04
2.158300000000000000e+04
2.043900000000000000e+04
2.136400000000000000e+04
2.051200000000000000e+04
2.040300000000000000e+04
1.874400000000000000e+04
1.847400000000000000e+04
2.136500000000000000e+04
1.882500000000000000e+04
2.109200000000000000e+04
1.930100000000000000e+04
1.843300000000000000e+04
2.083800000000000000e+04
2.073600000000000000e+04
2.090400000000000000e+04
2.159900000000000000e+04
2.270000000000000000e+03
1.983400000000000000e+04
1.866700000000000000e+04
1.956300000000000000e+04
2.003900000000000000e+04
2.172000000000000000e+04
1.873400000000000000e+04
1.852600000000000000e+04
2.023800000000000000e+04
2.133400000000000000e+04
1.856200000000000000e+04
2.032400000000000000e+04
2.289000000000000000e+03
2.081100000000000000e+04
1.963800000000000000e+04
2.058200000000000000e+04
1.896700000000000000e+04
2.025600000000000000e+04
2.093000000000000000e+04
2.087500000000000000e+04
1.928700000000000000e+04
2.019100000000000000e+04
1.921500000000000000e+04
2.081800000000000000e+04
2.098000000000000000e+03
1.931400000000000000e+04
1.948000000000000000e+04
2.035800000000000000e+04
2.139200000000000000e+04
1.968300000000000000e+04
1.979400000000000000e+04
1.851300000000000000e+04
1.880500000000000000e+04
1.905100000000000000e+04
2.090100000000000000e+04
2.144000000000000000e+03
2.110000000000000000e+04
1.976200000000000000e+04
2.017100000000000000e+04
2.161700000000000000e+04
2.022500000000000000e+04
1.970400000000000000e+04
2.193000000000000000e+03
1.958900000000000000e+04
2.072200000000000000e+04
1.991200000000000000e+04
2.018800000000000000e+04
2.125200000000000000e+04
1.984300000000000000e+04
1.842500000000000000e+04
1.933500000000000000e+04
2.092300000000000000e+04
2.045000000000000000e+04
1.962700000000000000e+04
2.067900000000000000e+04
2.136700000000000000e+04
1.893000000000000000e+04
2.133000000000000000e+03
2.151000000000000000e+04
2.117700000000000000e+04
2.026600000000000000e+04
2.149300000000000000e+04
2.353000000000000000e+03
1.985400000000000000e+04
2.132000000000000000e+03
2.058600000000000000e+04
2.087600000000000000e+04
1.996100000000000000e+04
2.038400000000000000e+04
2.099900000000000000e+04
2.126500000000000000e+04
2.084600000000000000e+04
1.943300000000000000e+04
2.057500000000000000e+04
2.005300000000000000e+04
2.059600000000000000e+04
2.065100000000000000e+04
2.033300000000000000e+04
1.990900000000000000e+04
2.059300000000000000e+04
2.068500000000000000e+04
2.094600000000000000e+04
2.118400000000000000e+04
2.261000000000000000e+03
2.127000000000000000e+03
1.990400000000000000e+04
2.023700000000000000e+04
2.064000000000000000e+04
1.963100000000000000e+04
2.044600000000000000e+04
1.906900000000000000e+04
1.955600000000000000e+04
2.074300000000000000e+04
1.997700000000000000e+04
2.022400000000000000e+04
2.147200000000000000e+04
2.050400000000000000e+04
1.957600000000000000e+04
2.017000000000000000e+04
1.992400000000000000e+04
2.144000000000000000e+04
1.950600000000000000e+04
2.094100000000000000e+04
1.876300000000000000e+04
1.913300000000000000e+04
1.902700000000000000e+04
1.803300000000000000e+04
2.323000000000000000e+03
2.054000000000000000e+04
1.984800000000000000e+04
2.142500000000000000e+04
1.945200000000000000e+04
2.406000000000000000e+03
1.918300000000000000e+04
1.987500000000000000e+04
1.865500000000000000e+04
2.155600000000000000e+04
1.957000000000000000e+04
2.039200000000000000e+04
1.950700000000000000e+04
1.978400000000000000e+04
2.068400000000000000e+04
1.853600000000000000e+04
2.083300000000000000e+04
1.910000000000000000e+04
1.999000000000000000e+04
2.130800000000000000e+04
1.965400000000000000e+04
2.157000000000000000e+04
1.872900000000000000e+04
2.163000000000000000e+03
2.148400000000000000e+04
1.973600000000000000e+04
1.918400000000000000e+04
2.165400000000000000e+04
1.980000000000000000e+04
1.908800000000000000e+04
2.013500000000000000e+04
1.885900000000000000e+04
2.340000000000000000e+03
1.876900000000000000e+04
2.061900000000000000e+04
2.158100000000000000e+04
1.954000000000000000e+04
2.091300000000000000e+04
2.357000000000000000e+03
2.159100000000000000e+04
2.008800000000000000e+04
2.146000000000000000e+04
1.964400000000000000e+04
1.900100000000000000e+04
1.921800000000000000e+04
2.036100000000000000e+04
2.093400000000000000e+04
2.040400000000000000e+04
1.964700000000000000e+04
2.103600000000000000e+04
1.918600000000000000e+04
2.021900000000000000e+04
2.171800000000000000e+04
2.246000000000000000e+03
2.167000000000000000e+04
2.141300000000000000e+04
2.137600000000000000e+04
1.835500000000000000e+04
2.126100000000000000e+04
2.265000000000000000e+03
1.946500000000000000e+04
2.259000000000000000e+03
2.238000000000000000e+03
2.118600000000000000e+04
2.082600000000000000e+04
2.064600000000000000e+04
2.024500000000000000e+04
2.257000000000000000e+03
2.133000000000000000e+04
2.090700000000000000e+04
2.273000000000000000e+03
2.074600000000000000e+04
2.051900000000000000e+04
2.086400000000000000e+04
1.936000000000000000e+04
2.286000000000000000e+03
1.862100000000000000e+04
2.086100000000000000e+04
2.072600000000000000e+04
2.147500000000000000e+04
1.991900000000000000e+04
2.175000000000000000e+03
1.992000000000000000e+04
1.997600000000000000e+04
2.154600000000000000e+04
2.023500000000000000e+04
1.954600000000000000e+04
2.329000000000000000e+03
2.113600000000000000e+04
1.881500000000000000e+04
1.911300000000000000e+04
1.941200000000000000e+04
2.096900000000000000e+04
2.055400000000000000e+04
1.952800000000000000e+04
1.885800000000000000e+04
2.047000000000000000e+04
1.903400000000000000e+04
1.967100000000000000e+04
1.975100000000000000e+04
2.077400000000000000e+04
1.966500000000000000e+04
1.839800000000000000e+04
1.946200000000000000e+04
2.050500000000000000e+04
1.986300000000000000e+04
2.120000000000000000e+04
2.028900000000000000e+04
2.066500000000000000e+04
2.021100000000000000e+04
2.231000000000000000e+03
2.098700000000000000e+04
1.900600000000000000e+04
2.041500000000000000e+04
1.884700000000000000e+04
2.051800000000000000e+04
2.006800000000000000e+04
2.103000000000000000e+03
1.932700000000000000e+04
1.865100000000000000e+04
2.320000000000000000e+03
2.131400000000000000e+04
1.884500000000000000e+04
1.940000000000000000e+04
2.059100000000000000e+04
2.019000000000000000e+04
1.959500000000000000e+04
2.046000000000000000e+04
2.124400000000000000e+04
1.860400000000000000e+04
2.016500000000000000e+04
2.107400000000000000e+04
2.122300000000000000e+04
1.982300000000000000e+04
1.900900000000000000e+04
1.939900000000000000e+04
1.895200000000000000e+04
1.974000000000000000e+04
1.977100000000000000e+04
1.960800000000000000e+04
1.939400000000000000e+04
1.978200000000000000e+04
2.169300000000000000e+04
2.120500000000000000e+04
2.067200000000000000e+04
2.158400000000000000e+04
1.915700000000000000e+04
1.888000000000000000e+04
2.021600000000000000e+04
1.804000000000000000e+04
1.935300000000000000e+04
1.866800000000000000e+04
1.880700000000000000e+04
1.961600000000000000e+04
1.982600000000000000e+04
1.961200000000000000e+04
2.143700000000000000e+04
2.113900000000000000e+04
1.885400000000000000e+04
1.986700000000000000e+04
2.052300000000000000e+04
2.030100000000000000e+04
2.143000000000000000e+03
1.903100000000000000e+04
2.113800000000000000e+04
2.090000000000000000e+04
1.951300000000000000e+04
1.896800000000000000e+04
2.103800000000000000e+04
1.944300000000000000e+04
1.988400000000000000e+04
2.154700000000000000e+04
2.014700000000000000e+04
2.167600000000000000e+04
2.129300000000000000e+04
2.070300000000000000e+04
2.159300000000000000e+04
2.058400000000000000e+04
2.107200000000000000e+04
1.899300000000000000e+04
2.160000000000000000e+04
1.966900000000000000e+04
2.045400000000000000e+04
2.387000000000000000e+03
2.107100000000000000e+04
1.930700000000000000e+04
2.035300000000000000e+04
2.088400000000000000e+04
2.054800000000000000e+04
2.201000000000000000e+03
1.956100000000000000e+04
1.948400000000000000e+04
1.974200000000000000e+04
2.049700000000000000e+04
1.987000000000000000e+04
2.058700000000000000e+04
1.909200000000000000e+04
2.306000000000000000e+03
2.104200000000000000e+04
1.895800000000000000e+04
2.098500000000000000e+04
2.098100000000000000e+04
1.786100000000000000e+04
1.960400000000000000e+04
2.317000000000000000e+03
2.057600000000000000e+04
1.856000000000000000e+04
2.134600000000000000e+04
1.998000000000000000e+04
1.904800000000000000e+04
1.906100000000000000e+04
1.933900000000000000e+04
1.971500000000000000e+04
2.062500000000000000e+04
2.137400000000000000e+04
2.025100000000000000e+04
2.154800000000000000e+04
1.887200000000000000e+04
2.125000000000000000e+04
1.968000000000000000e+04
2.089600000000000000e+04
2.110300000000000000e+04
2.120600000000000000e+04
1.942300000000000000e+04
2.099600000000000000e+04
2.136300000000000000e+04
1.961500000000000000e+04
1.970500000000000000e+04
1.852300000000000000e+04
2.135000000000000000e+04
1.967300000000000000e+04
2.161800000000000000e+04
1.965200000000000000e+04
2.160200000000000000e+04
1.933600000000000000e+04
1.956500000000000000e+04
2.044900000000000000e+04
1.952400000000000000e+04
2.086200000000000000e+04
2.224000000000000000e+03
1.930000000000000000e+04
2.021700000000000000e+04
1.986000000000000000e+04
1.903500000000000000e+04
2.423000000000000000e+03
1.947800000000000000e+04
1.947900000000000000e+04
1.948600000000000000e+04
2.067100000000000000e+04
2.068300000000000000e+04
2.342000000000000000e+03
2.095200000000000000e+04
2.112500000000000000e+04
2.370000000000000000e+03
2.162500000000000000e+04
2.035600000000000000e+04
1.909600000000000000e+04
1.939000000000000000e+04
2.056800000000000000e+04
1.907900000000000000e+04
1.903700000000000000e+04
2.034000000000000000e+04
2.052200000000000000e+04
1.938800000000000000e+04
1.948700000000000000e+04
1.989800000000000000e+04
2.164800000000000000e+04
1.945500000000000000e+04
1.953400000000000000e+04
2.090200000000000000e+04
2.013200000000000000e+04
2.227000000000000000e+03
2.307000000000000000e+03
2.099500000000000000e+04
2.154300000000000000e+04
2.160100000000000000e+04
2.166700000000000000e+04
2.124800000000000000e+04
2.031000000000000000e+04
1.940400000000000000e+04
2.294000000000000000e+03
2.162700000000000000e+04
2.113100000000000000e+04
2.142900000000000000e+04
2.157100000000000000e+04
2.135000000000000000e+03
2.042200000000000000e+04
1.934300000000000000e+04
2.052100000000000000e+04
2.123900000000000000e+04
2.069100000000000000e+04
1.958600000000000000e+04
2.071000000000000000e+04
2.040100000000000000e+04
1.987400000000000000e+04
1.972000000000000000e+04
2.061100000000000000e+04
1.914500000000000000e+04
2.071100000000000000e+04
2.133800000000000000e+04
2.152100000000000000e+04
2.133700000000000000e+04
2.215000000000000000e+03
2.034300000000000000e+04
1.991000000000000000e+04
2.392000000000000000e+03
2.164500000000000000e+04
1.971400000000000000e+04
2.185000000000000000e+03
2.102000000000000000e+04
1.941300000000000000e+04
2.098800000000000000e+04
1.913600000000000000e+04
2.058300000000000000e+04
2.016200000000000000e+04
2.119200000000000000e+04
2.124500000000000000e+04
2.077300000000000000e+04
2.366000000000000000e+03
2.042700000000000000e+04
1.964200000000000000e+04
1.980100000000000000e+04
1.858100000000000000e+04
2.109700000000000000e+04
2.040500000000000000e+04
2.032000000000000000e+04
1.994200000000000000e+04
2.296000000000000000e+03
2.006600000000000000e+04
2.214000000000000000e+03
1.844500000000000000e+04
1.971200000000000000e+04
1.929900000000000000e+04
1.930200000000000000e+04
2.010300000000000000e+04
2.015500000000000000e+04
2.148000000000000000e+03
2.160500000000000000e+04
1.924700000000000000e+04
1.928600000000000000e+04
1.950300000000000000e+04
2.096200000000000000e+04
2.075900000000000000e+04
1.960200000000000000e+04
2.030300000000000000e+04
1.924500000000000000e+04
2.080900000000000000e+04
2.378000000000000000e+03
1.930600000000000000e+04
1.998500000000000000e+04
1.998100000000000000e+04
2.132000000000000000e+04
2.158800000000000000e+04
2.098000000000000000e+04
2.008400000000000000e+04
2.141000000000000000e+04
2.163500000000000000e+04
2.053500000000000000e+04
1.820900000000000000e+04
2.063700000000000000e+04
2.086500000000000000e+04
1.935900000000000000e+04
1.861200000000000000e+04
2.117000000000000000e+03
1.902400000000000000e+04
2.121400000000000000e+04
2.041900000000000000e+04
2.122800000000000000e+04
1.874900000000000000e+04
1.907100000000000000e+04
2.005000000000000000e+04
2.057400000000000000e+04
2.048700000000000000e+04
2.012800000000000000e+04
2.115000000000000000e+04
2.013100000000000000e+04
1.991400000000000000e+04
2.134800000000000000e+04
2.028300000000000000e+04
1.926300000000000000e+04
2.210000000000000000e+03
1.888400000000000000e+04
1.816100000000000000e+04
1.921600000000000000e+04
1.842800000000000000e+04
1.902200000000000000e+04
2.127300000000000000e+04
2.184000000000000000e+03
1.909500000000000000e+04
2.293000000000000000e+03
2.122000000000000000e+03
1.943800000000000000e+04
2.004400000000000000e+04
2.094000000000000000e+03
1.913800000000000000e+04
1.966800000000000000e+04
2.100600000000000000e+04
1.925600000000000000e+04
2.379000000000000000e+03
1.928800000000000000e+04
1.974700000000000000e+04
2.094300000000000000e+04
2.157700000000000000e+04
2.036800000000000000e+04
2.042900000000000000e+04
2.243000000000000000e+03
1.937800000000000000e+04
2.171600000000000000e+04
2.128000000000000000e+04
1.870200000000000000e+04
1.981200000000000000e+04
2.134500000000000000e+04
1.955400000000000000e+04
2.085700000000000000e+04
1.988700000000000000e+04
2.077000000000000000e+04
2.111200000000000000e+04
2.105700000000000000e+04
2.072900000000000000e+04
1.908100000000000000e+04
2.172600000000000000e+04
2.035900000000000000e+04
2.054500000000000000e+04
2.110700000000000000e+04
2.043600000000000000e+04
1.872600000000000000e+04
2.008300000000000000e+04
1.899200000000000000e+04
2.027100000000000000e+04
2.171300000000000000e+04
1.932300000000000000e+04
1.968900000000000000e+04
1.997000000000000000e+04
1.964800000000000000e+04
2.103500000000000000e+04
2.037000000000000000e+04
2.080800000000000000e+04
1.856600000000000000e+04
2.006900000000000000e+04
1.913500000000000000e+04
1.867900000000000000e+04
1.959700000000000000e+04
2.150000000000000000e+04
2.105000000000000000e+03
2.426000000000000000e+03
2.096100000000000000e+04
2.157400000000000000e+04
1.937300000000000000e+04
2.062200000000000000e+04
1.896900000000000000e+04
1.824900000000000000e+04
2.114000000000000000e+04
2.101700000000000000e+04
2.024700000000000000e+04
2.030800000000000000e+04
2.170400000000000000e+04
2.233000000000000000e+03
2.163000000000000000e+04
2.151200000000000000e+04
1.938300000000000000e+04
2.062000000000000000e+04
1.972300000000000000e+04
2.162600000000000000e+04
1.982000000000000000e+04
2.159000000000000000e+04
1.990300000000000000e+04
2.240000000000000000e+03
1.931700000000000000e+04
1.928200000000000000e+04
1.983300000000000000e+04
2.066900000000000000e+04
2.058000000000000000e+04
2.144900000000000000e+04
2.213000000000000000e+03
2.033600000000000000e+04
1.951700000000000000e+04
1.977400000000000000e+04
2.111600000000000000e+04
2.000200000000000000e+04
2.094000000000000000e+04
2.050700000000000000e+04
1.915100000000000000e+04
2.119000000000000000e+03
1.922300000000000000e+04
2.012600000000000000e+04
1.885500000000000000e+04
1.981000000000000000e+04
2.277000000000000000e+03
2.336000000000000000e+03
1.996300000000000000e+04
2.128700000000000000e+04
1.866500000000000000e+04
1.967500000000000000e+04
2.070400000000000000e+04
2.135400000000000000e+04
1.908900000000000000e+04
2.102100000000000000e+04
2.160000000000000000e+03
1.893100000000000000e+04
2.089700000000000000e+04
2.078300000000000000e+04
1.865000000000000000e+04
1.882100000000000000e+04
2.075100000000000000e+04
2.412000000000000000e+03
1.860000000000000000e+04
1.972100000000000000e+04
2.130000000000000000e+03
1.955700000000000000e+04
1.973000000000000000e+04
1.880000000000000000e+04
1.965000000000000000e+04
1.920200000000000000e+04
2.283000000000000000e+03
2.067000000000000000e+04
2.065500000000000000e+04
2.140100000000000000e+04
1.916300000000000000e+04
2.368000000000000000e+03
1.979500000000000000e+04
2.086600000000000000e+04
1.993600000000000000e+04
1.834100000000000000e+04
2.051100000000000000e+04
1.917300000000000000e+04
2.256000000000000000e+03
2.161000000000000000e+04
1.947000000000000000e+04
2.027300000000000000e+04
1.966000000000000000e+04
2.033400000000000000e+04
2.093600000000000000e+04
1.921400000000000000e+04
1.953200000000000000e+04
1.912100000000000000e+04
1.966200000000000000e+04
2.119400000000000000e+04
1.928500000000000000e+04
2.162000000000000000e+04
2.075600000000000000e+04
1.912400000000000000e+04
2.009400000000000000e+04
1.806600000000000000e+04
2.220000000000000000e+03
2.129700000000000000e+04
2.133500000000000000e+04
2.141400000000000000e+04
2.022600000000000000e+04
1.947300000000000000e+04
2.143900000000000000e+04
1.967400000000000000e+04
2.136000000000000000e+04
1.877100000000000000e+04
1.899900000000000000e+04
2.066800000000000000e+04
2.111400000000000000e+04
2.162800000000000000e+04
1.831000000000000000e+04
2.149500000000000000e+04
2.044800000000000000e+04
1.877400000000000000e+04
1.942800000000000000e+04
2.245000000000000000e+03
2.128100000000000000e+04
1.890200000000000000e+04
1.970800000000000000e+04
2.021200000000000000e+04
1.972200000000000000e+04
2.000700000000000000e+04
1.959000000000000000e+04
1.868100000000000000e+04
2.000000000000000000e+04
2.139000000000000000e+03
1.914300000000000000e+04
1.963600000000000000e+04
2.043100000000000000e+04
2.125000000000000000e+03
1.886900000000000000e+04
2.267000000000000000e+03
2.152000000000000000e+04
2.055800000000000000e+04
2.140200000000000000e+04
2.065300000000000000e+04
2.063400000000000000e+04
2.080100000000000000e+04
2.001100000000000000e+04
2.129600000000000000e+04
2.095000000000000000e+03
2.052700000000000000e+04
2.322000000000000000e+03
2.010700000000000000e+04
2.134000000000000000e+03
1.841800000000000000e+04
1.871700000000000000e+04
1.929400000000000000e+04
1.936100000000000000e+04
1.917800000000000000e+04
2.112800000000000000e+04
2.284000000000000000e+03
2.057300000000000000e+04
1.872400000000000000e+04
2.069200000000000000e+04
1.941900000000000000e+04
1.890100000000000000e+04
2.011600000000000000e+04
1.929700000000000000e+04
2.182000000000000000e+03
1.829600000000000000e+04
2.116400000000000000e+04
2.400000000000000000e+03
1.845500000000000000e+04
2.087800000000000000e+04
2.055500000000000000e+04
2.086900000000000000e+04
2.036900000000000000e+04
1.965800000000000000e+04
1.942200000000000000e+04
1.980900000000000000e+04
2.085500000000000000e+04
1.967000000000000000e+04
2.169000000000000000e+04
2.011200000000000000e+04
2.031800000000000000e+04
2.151600000000000000e+04
1.995900000000000000e+04
2.300000000000000000e+03
2.159800000000000000e+04
1.901900000000000000e+04
1.959300000000000000e+04
2.106700000000000000e+04
1.954700000000000000e+04
2.032200000000000000e+04
2.160600000000000000e+04
2.082700000000000000e+04
1.967200000000000000e+04
1.836900000000000000e+04
1.880300000000000000e+04
1.868200000000000000e+04
2.159600000000000000e+04
2.132700000000000000e+04
2.148000000000000000e+04
1.980700000000000000e+04
1.927200000000000000e+04
2.211000000000000000e+03
2.102700000000000000e+04
2.129900000000000000e+04
1.934000000000000000e+04
2.118200000000000000e+04
2.108900000000000000e+04
2.034100000000000000e+04
1.979800000000000000e+04
2.153500000000000000e+04
1.910900000000000000e+04
1.971600000000000000e+04
1.998400000000000000e+04
2.153400000000000000e+04
2.028100000000000000e+04
2.403000000000000000e+03
2.163600000000000000e+04
2.025500000000000000e+04
1.993400000000000000e+04
2.085000000000000000e+04
2.169800000000000000e+04
2.034500000000000000e+04
2.027200000000000000e+04
2.155800000000000000e+04
2.106300000000000000e+04
2.069900000000000000e+04
2.061500000000000000e+04
2.153200000000000000e+04
2.067700000000000000e+04
2.054400000000000000e+04
1.851900000000000000e+04
1.966300000000000000e+04
1.982800000000000000e+04
2.088300000000000000e+04
1.965300000000000000e+04
2.083900000000000000e+04
1.883800000000000000e+04
2.107800000000000000e+04
1.945900000000000000e+04
2.169100000000000000e+04
2.138800000000000000e+04
1.918800000000000000e+04
2.164000000000000000e+03
2.068100000000000000e+04
2.016700000000000000e+04
1.879600000000000000e+04
1.899600000000000000e+04
2.372000000000000000e+03
2.014300000000000000e+04
2.007400000000000000e+04
2.019400000000000000e+04
1.945700000000000000e+04
2.169200000000000000e+04
1.975200000000000000e+04
2.075700000000000000e+04
1.925800000000000000e+04
2.146500000000000000e+04
2.164400000000000000e+04
1.933000000000000000e+04
2.006500000000000000e+04
2.106600000000000000e+04
1.883900000000000000e+04
2.168300000000000000e+04
2.417000000000000000e+03
1.867800000000000000e+04
1.876200000000000000e+04
2.100000000000000000e+04
2.128800000000000000e+04
2.325000000000000000e+03
2.017700000000000000e+04
1.986400000000000000e+04
2.383000000000000000e+03
2.145100000000000000e+04
2.047500000000000000e+04
1.976800000000000000e+04
2.334000000000000000e+03
2.122400000000000000e+04
1.876600000000000000e+04
1.896400000000000000e+04
2.022300000000000000e+04
2.263000000000000000e+03
1.870800000000000000e+04
2.352000000000000000e+03
1.940300000000000000e+04
2.021500000000000000e+04
1.955100000000000000e+04
1.928300000000000000e+04
2.097700000000000000e+04
1.893200000000000000e+04
2.115000000000000000e+03
2.143200000000000000e+04
2.121500000000000000e+04
2.156000000000000000e+04
1.926900000000000000e+04
1.993800000000000000e+04
2.161000000000000000e+03
2.142600000000000000e+04
1.985200000000000000e+04
2.126300000000000000e+04
2.050600000000000000e+04
2.023600000000000000e+04
1.917100000000000000e+04
2.057800000000000000e+04
2.119100000000000000e+04
1.956200000000000000e+04
2.016400000000000000e+04
2.413000000000000000e+03
2.139600000000000000e+04
2.021400000000000000e+04
2.043300000000000000e+04
2.076600000000000000e+04
1.955900000000000000e+04
1.976900000000000000e+04
2.119000000000000000e+04
1.988000000000000000e+04
2.152000000000000000e+03
1.919600000000000000e+04
2.301000000000000000e+03
1.834000000000000000e+04
1.808100000000000000e+04
1.887300000000000000e+04
1.863200000000000000e+04
1.938900000000000000e+04
2.037900000000000000e+04
1.968200000000000000e+04
1.923600000000000000e+04
1.943600000000000000e+04
1.963900000000000000e+04
2.084800000000000000e+04
2.133600000000000000e+04
2.094200000000000000e+04
2.053300000000000000e+04
2.131900000000000000e+04
2.162400000000000000e+04
2.402000000000000000e+03
2.122100000000000000e+04
2.335000000000000000e+03
2.105900000000000000e+04
1.874600000000000000e+04
2.168000000000000000e+03
1.995200000000000000e+04
1.948500000000000000e+04
2.373000000000000000e+03
2.043400000000000000e+04
1.898000000000000000e+04
2.039100000000000000e+04
2.020300000000000000e+04
2.104100000000000000e+04
2.079600000000000000e+04
1.844600000000000000e+04
2.089200000000000000e+04
2.126600000000000000e+04
2.013600000000000000e+04
1.991600000000000000e+04
2.110100000000000000e+04
2.094500000000000000e+04
2.162100000000000000e+04
2.015100000000000000e+04
1.968400000000000000e+04
1.897900000000000000e+04
1.910200000000000000e+04
1.873200000000000000e+04
2.427000000000000000e+03
1.850400000000000000e+04
2.050300000000000000e+04
2.422000000000000000e+03
2.008700000000000000e+04
2.382000000000000000e+03
1.962400000000000000e+04
1.984900000000000000e+04
1.960500000000000000e+04
2.088900000000000000e+04
2.100200000000000000e+04
1.922600000000000000e+04
2.172900000000000000e+04
1.889500000000000000e+04
2.009000000000000000e+04
2.114000000000000000e+03
2.358000000000000000e+03
2.420000000000000000e+03
2.140700000000000000e+04
1.944700000000000000e+04
2.255000000000000000e+03
1.958800000000000000e+04
1.884200000000000000e+04
2.097500000000000000e+04
1.849700000000000000e+04
2.009100000000000000e+04
1.883300000000000000e+04
2.144300000000000000e+04
2.100300000000000000e+04
2.229000000000000000e+03
2.049600000000000000e+04
2.074000000000000000e+04
2.134300000000000000e+04
1.999700000000000000e+04
1.985700000000000000e+04
2.145600000000000000e+04
1.904300000000000000e+04
2.037600000000000000e+04
2.109800000000000000e+04
2.060900000000000000e+04
2.059900000000000000e+04
1.888600000000000000e+04
1.984200000000000000e+04
2.144800000000000000e+04
2.029000000000000000e+04
2.230000000000000000e+03
1.813100000000000000e+04
1.845900000000000000e+04
2.380000000000000000e+03
1.869400000000000000e+04
1.948900000000000000e+04
1.995000000000000000e+04
1.894400000000000000e+04
1.957500000000000000e+04
1.871300000000000000e+04
2.222000000000000000e+03
2.170800000000000000e+04
1.869500000000000000e+04
2.297000000000000000e+03
2.027000000000000000e+04
2.013800000000000000e+04
2.121800000000000000e+04
2.126800000000000000e+04
2.020700000000000000e+04
1.909800000000000000e+04
2.004800000000000000e+04
1.972900000000000000e+04
1.946100000000000000e+04
2.047700000000000000e+04
2.016000000000000000e+04
1.961000000000000000e+04
2.013900000000000000e+04
2.077100000000000000e+04
1.887100000000000000e+04
1.994400000000000000e+04
1.990500000000000000e+04
2.168400000000000000e+04
2.000900000000000000e+04
2.114700000000000000e+04
2.314000000000000000e+03
2.154000000000000000e+04
2.219000000000000000e+03
1.974900000000000000e+04
2.025800000000000000e+04
2.089100000000000000e+04
2.131700000000000000e+04
2.165000000000000000e+03
1.938100000000000000e+04
2.116900000000000000e+04
1.888700000000000000e+04
2.002600000000000000e+04
2.091800000000000000e+04
1.847500000000000000e+04
1.955500000000000000e+04
2.139000000000000000e+04
1.954100000000000000e+04
2.150500000000000000e+04
2.033100000000000000e+04
1.953100000000000000e+04
2.188000000000000000e+03
1.848300000000000000e+04
2.046800000000000000e+04
2.212000000000000000e+03
2.007000000000000000e+04
2.142000000000000000e+03
1.973700000000000000e+04
1.936700000000000000e+04
2.071300000000000000e+04
1.942900000000000000e+04
2.114600000000000000e+04
2.040200000000000000e+04
1.978800000000000000e+04
1.916700000000000000e+04
1.859700000000000000e+04
1.949600000000000000e+04
2.228000000000000000e+03
1.985600000000000000e+04
1.914200000000000000e+04
2.029200000000000000e+04
2.034700000000000000e+04
2.122700000000000000e+04
2.123000000000000000e+04
2.235000000000000000e+03
2.075200000000000000e+04
1.854800000000000000e+04
1.848400000000000000e+04
1.996200000000000000e+04
2.165300000000000000e+04
1.927100000000000000e+04
2.082500000000000000e+04
1.890800000000000000e+04
1.995700000000000000e+04
2.038200000000000000e+04
2.149000000000000000e+04
2.104600000000000000e+04
1.854000000000000000e+04
2.002200000000000000e+04
1.923500000000000000e+04
1.935400000000000000e+04
2.114300000000000000e+04
1.938000000000000000e+04
2.428000000000000000e+03
1.969000000000000000e+04
2.066400000000000000e+04
1.911200000000000000e+04
2.082100000000000000e+04
1.957100000000000000e+04
1.997500000000000000e+04
2.418000000000000000e+03
1.947700000000000000e+04
2.121200000000000000e+04
1.905000000000000000e+04
1.943000000000000000e+04
1.815600000000000000e+04
1.925000000000000000e+04
1.930300000000000000e+04
1.846900000000000000e+04
2.108400000000000000e+04
2.135200000000000000e+04
2.077200000000000000e+04
1.975500000000000000e+04
2.108800000000000000e+04
2.084000000000000000e+04
2.163200000000000000e+04
1.940200000000000000e+04
1.937000000000000000e+04
1.895400000000000000e+04
1.959400000000000000e+04
1.979100000000000000e+04
1.890000000000000000e+04
2.012400000000000000e+04
2.101100000000000000e+04
2.138600000000000000e+04
2.094900000000000000e+04
2.017900000000000000e+04
1.910400000000000000e+04
2.022700000000000000e+04
1.825400000000000000e+04
1.989600000000000000e+04
2.045200000000000000e+04
2.026400000000000000e+04
2.414000000000000000e+03
2.298000000000000000e+03
2.041000000000000000e+04
2.037700000000000000e+04
2.135700000000000000e+04
2.095900000000000000e+04
1.971100000000000000e+04
2.118700000000000000e+04
1.854900000000000000e+04
1.961300000000000000e+04
1.955300000000000000e+04
1.870900000000000000e+04
1.979900000000000000e+04
1.904700000000000000e+04
2.054700000000000000e+04
1.852000000000000000e+04
1.962800000000000000e+04
2.124000000000000000e+04
1.912900000000000000e+04
2.158000000000000000e+03
2.108000000000000000e+03
2.091500000000000000e+04
2.074100000000000000e+04
1.982100000000000000e+04
2.315000000000000000e+03
2.056300000000000000e+04
2.083100000000000000e+04
2.039600000000000000e+04
1.929200000000000000e+04
2.020800000000000000e+04
2.058900000000000000e+04
1.845700000000000000e+04
2.206000000000000000e+03
1.941100000000000000e+04
1.966100000000000000e+04
1.950200000000000000e+04
2.171000000000000000e+04
2.116500000000000000e+04
2.040800000000000000e+04
2.161300000000000000e+04
1.917700000000000000e+04
2.054200000000000000e+04
1.889400000000000000e+04
2.115500000000000000e+04
2.140800000000000000e+04
1.851000000000000000e+04
2.021000000000000000e+04
2.161400000000000000e+04
1.861400000000000000e+04
2.081400000000000000e+04
1.993100000000000000e+04
2.276000000000000000e+03
2.156200000000000000e+04
1.921100000000000000e+04
2.137800000000000000e+04
2.151000000000000000e+03
1.926500000000000000e+04
1.895300000000000000e+04
2.061600000000000000e+04
2.061200000000000000e+04
1.974800000000000000e+04
2.205000000000000000e+03
2.087000000000000000e+04
2.135100000000000000e+04
2.141600000000000000e+04
1.983800000000000000e+04
1.936600000000000000e+04
1.883500000000000000e+04
1.993900000000000000e+04
1.898600000000000000e+04
1.951400000000000000e+04
2.136600000000000000e+04
1.885000000000000000e+04
2.106800000000000000e+04
2.071800000000000000e+04
2.112000000000000000e+04
1.962000000000000000e+04
2.071200000000000000e+04
2.045900000000000000e+04
1.951500000000000000e+04
2.024300000000000000e+04
1.924100000000000000e+04
2.251000000000000000e+03
1.975300000000000000e+04
2.010200000000000000e+04
2.057200000000000000e+04
1.934700000000000000e+04
1.983200000000000000e+04
1.843500000000000000e+04
1.936800000000000000e+04
1.971700000000000000e+04
2.003400000000000000e+04
2.328000000000000000e+03
2.088800000000000000e+04
1.978300000000000000e+04
1.862000000000000000e+04
2.097600000000000000e+04
2.104500000000000000e+04
2.004000000000000000e+04
2.105500000000000000e+04
1.966700000000000000e+04
2.178000000000000000e+03
2.143300000000000000e+04
1.982500000000000000e+04
1.866100000000000000e+04
2.078800000000000000e+04
2.147900000000000000e+04
2.112900000000000000e+04
1.874000000000000000e+04
1.892300000000000000e+04
2.106000000000000000e+03
2.006100000000000000e+04
2.147700000000000000e+04
2.054100000000000000e+04
2.149600000000000000e+04
1.919500000000000000e+04
1.944900000000000000e+04
2.122600000000000000e+04
1.888500000000000000e+04
1.915200000000000000e+04
2.125900000000000000e+04
1.894900000000000000e+04
2.129400000000000000e+04
2.140900000000000000e+04
1.884600000000000000e+04
2.310000000000000000e+03
2.093000000000000000e+03
2.100800000000000000e+04
2.155900000000000000e+04
2.107000000000000000e+04
1.867200000000000000e+04
2.108300000000000000e+04
2.189000000000000000e+03
1.952200000000000000e+04
1.846800000000000000e+04
1.854100000000000000e+04
2.120300000000000000e+04
1.949000000000000000e+04
1.961900000000000000e+04
2.142100000000000000e+04
2.088100000000000000e+04
2.107000000000000000e+03
1.915300000000000000e+04
2.168700000000000000e+04
2.013700000000000000e+04
2.073800000000000000e+04
2.034800000000000000e+04
1.964300000000000000e+04
2.150800000000000000e+04
2.106400000000000000e+04
2.151700000000000000e+04
1.927000000000000000e+04
2.081000000000000000e+04
1.920600000000000000e+04
1.872000000000000000e+04
2.118000000000000000e+03
2.187000000000000000e+03
2.084500000000000000e+04
1.838400000000000000e+04
2.156600000000000000e+04
2.030400000000000000e+04
1.841400000000000000e+04
2.000600000000000000e+04
1.832800000000000000e+04
2.356000000000000000e+03
1.879700000000000000e+04
2.170200000000000000e+04
1.859800000000000000e+04
1.947100000000000000e+04
1.847200000000000000e+04
2.023200000000000000e+04
2.126200000000000000e+04
2.153000000000000000e+03
1.885200000000000000e+04
2.398000000000000000e+03
1.952500000000000000e+04
2.017500000000000000e+04
2.084200000000000000e+04
1.877200000000000000e+04
2.046600000000000000e+04
2.002900000000000000e+04
2.085600000000000000e+04
2.031100000000000000e+04
2.043700000000000000e+04
1.943700000000000000e+04
2.003000000000000000e+04
1.915000000000000000e+04
1.875000000000000000e+04
2.126700000000000000e+04
1.922800000000000000e+04
2.149800000000000000e+04
2.166100000000000000e+04
2.150700000000000000e+04
1.896100000000000000e+04
1.855100000000000000e+04
1.983700000000000000e+04
2.127000000000000000e+04
2.344000000000000000e+03
2.002300000000000000e+04
1.925300000000000000e+04
1.877300000000000000e+04
2.065600000000000000e+04
2.425000000000000000e+03
1.987300000000000000e+04
2.147100000000000000e+04
1.964500000000000000e+04
2.063500000000000000e+04
2.098300000000000000e+04
2.094800000000000000e+04
1.940800000000000000e+04
2.157800000000000000e+04
2.129000000000000000e+04
1.977700000000000000e+04
2.066000000000000000e+04
2.153300000000000000e+04
2.239000000000000000e+03
1.864400000000000000e+04
2.057700000000000000e+04
2.117400000000000000e+04
2.107500000000000000e+04
1.916500000000000000e+04
2.045300000000000000e+04
2.034600000000000000e+04
1.987200000000000000e+04
2.081900000000000000e+04
2.147600000000000000e+04
1.935100000000000000e+04
1.922400000000000000e+04
