2.838800000000000000e+04
6.792000000000000000e+03
2.844600000000000000e+04
3.262000000000000000e+03
1.013400000000000000e+04
3.475000000000000000e+03
9.340000000000000000e+02
3.954000000000000000e+03
8.750000000000000000e+02
1.031700000000000000e+04
8.024000000000000000e+03
8.509000000000000000e+03
3.155000000000000000e+03
3.173000000000000000e+03
2.647000000000000000e+03
4.450000000000000000e+03
5.042000000000000000e+03
1.332800000000000000e+04
9.733000000000000000e+03
9.230000000000000000e+03
5.143000000000000000e+03
2.857000000000000000e+04
1.363900000000000000e+04
8.550000000000000000e+02
9.760000000000000000e+02
3.939000000000000000e+03
2.881800000000000000e+04
2.832700000000000000e+04
9.090000000000000000e+02
2.887100000000000000e+04
3.381000000000000000e+03
3.402000000000000000e+03
1.255200000000000000e+04
2.840200000000000000e+04
2.866100000000000000e+04
3.712000000000000000e+03
3.918000000000000000e+03
1.377800000000000000e+04
6.497000000000000000e+03
5.333000000000000000e+03
2.850300000000000000e+04
9.980000000000000000e+02
2.832300000000000000e+04
3.530000000000000000e+03
5.147000000000000000e+03
4.147000000000000000e+03
8.770000000000000000e+02
3.807000000000000000e+03
1.243700000000000000e+04
4.259000000000000000e+03
2.845000000000000000e+04
2.420000000000000000e+03
1.350500000000000000e+04
3.068000000000000000e+03
1.334500000000000000e+04
1.344000000000000000e+04
1.362000000000000000e+04
1.260900000000000000e+04
3.267000000000000000e+03
3.545000000000000000e+03
3.426000000000000000e+03
2.861700000000000000e+04
1.123300000000000000e+04
2.933000000000000000e+03
2.869400000000000000e+04
2.829300000000000000e+04
2.881300000000000000e+04
2.838700000000000000e+04
2.861300000000000000e+04
1.332000000000000000e+04
1.019000000000000000e+03
2.776000000000000000e+03
1.312000000000000000e+04
2.733000000000000000e+03
8.473000000000000000e+03
2.345000000000000000e+03
8.540000000000000000e+02
1.376400000000000000e+04
2.879200000000000000e+04
2.863100000000000000e+04
6.115000000000000000e+03
1.156900000000000000e+04
2.816000000000000000e+03
9.900000000000000000e+02
2.889100000000000000e+04
3.665000000000000000e+03
2.845500000000000000e+04
1.140400000000000000e+04
3.547000000000000000e+03
1.012900000000000000e+04
2.350000000000000000e+03
7.583000000000000000e+03
9.500000000000000000e+02
2.422000000000000000e+03
2.880100000000000000e+04
1.277400000000000000e+04
8.995000000000000000e+03
3.187000000000000000e+03
6.500000000000000000e+03
2.693000000000000000e+03
3.181000000000000000e+03
3.194000000000000000e+03
2.869000000000000000e+04
2.450000000000000000e+03
2.347000000000000000e+03
2.854200000000000000e+04
3.186000000000000000e+03
7.723000000000000000e+03
2.958000000000000000e+03
2.880900000000000000e+04
7.337000000000000000e+03
2.858000000000000000e+04
9.973000000000000000e+03
2.386000000000000000e+03
1.284300000000000000e+04
9.540000000000000000e+02
1.093500000000000000e+04
8.890000000000000000e+02
2.837900000000000000e+04
1.324400000000000000e+04
2.884800000000000000e+04
6.831000000000000000e+03
3.349000000000000000e+03
1.329200000000000000e+04
3.148000000000000000e+03
1.358500000000000000e+04
1.139400000000000000e+04
2.878200000000000000e+04
2.947000000000000000e+03
1.132200000000000000e+04
5.368000000000000000e+03
1.014000000000000000e+03
2.837700000000000000e+04
4.104000000000000000e+03
3.466000000000000000e+03
2.827000000000000000e+04
6.662000000000000000e+03
2.864900000000000000e+04
2.832400000000000000e+04
1.101900000000000000e+04
5.888000000000000000e+03
1.192300000000000000e+04
6.399000000000000000e+03
2.884300000000000000e+04
1.026500000000000000e+04
3.505000000000000000e+03
1.331200000000000000e+04
1.391500000000000000e+04
2.827100000000000000e+04
2.839100000000000000e+04
2.867300000000000000e+04
2.854900000000000000e+04
2.848700000000000000e+04
1.129300000000000000e+04
2.554000000000000000e+03
7.454000000000000000e+03
4.164000000000000000e+03
2.775000000000000000e+03
3.009000000000000000e+03
2.367000000000000000e+03
1.285100000000000000e+04
8.640000000000000000e+02
1.292600000000000000e+04
6.108000000000000000e+03
3.194000000000000000e+03
5.074000000000000000e+03
1.066700000000000000e+04
3.418000000000000000e+03
2.855300000000000000e+04
5.129000000000000000e+03
2.411000000000000000e+03
2.865400000000000000e+04
3.130000000000000000e+03
2.840100000000000000e+04
3.562000000000000000e+03
2.861900000000000000e+04
9.670000000000000000e+02
2.883000000000000000e+04
9.430000000000000000e+02
1.148900000000000000e+04
2.890300000000000000e+04
1.245700000000000000e+04
2.834900000000000000e+04
2.415000000000000000e+03
5.816000000000000000e+03
3.045000000000000000e+03
5.384000000000000000e+03
4.797000000000000000e+03
3.703000000000000000e+03
2.598000000000000000e+03
3.973000000000000000e+03
7.674000000000000000e+03
2.829500000000000000e+04
3.866000000000000000e+03
1.343700000000000000e+04
2.850900000000000000e+04
1.290000000000000000e+04
1.247700000000000000e+04
1.299000000000000000e+04
2.850500000000000000e+04
2.678000000000000000e+03
1.311600000000000000e+04
2.842200000000000000e+04
9.720000000000000000e+02
2.880400000000000000e+04
2.588000000000000000e+03
1.159400000000000000e+04
2.485000000000000000e+03
2.843900000000000000e+04
6.214000000000000000e+03
2.873700000000000000e+04
1.172900000000000000e+04
2.831200000000000000e+04
8.879000000000000000e+03
3.580000000000000000e+03
2.695000000000000000e+03
9.548000000000000000e+03
9.643000000000000000e+03
1.039800000000000000e+04
2.892500000000000000e+04
1.360000000000000000e+04
2.838600000000000000e+04
2.841900000000000000e+04
9.580000000000000000e+02
2.852900000000000000e+04
2.842900000000000000e+04
6.335000000000000000e+03
1.312200000000000000e+04
5.629000000000000000e+03
3.528000000000000000e+03
2.875300000000000000e+04
1.040300000000000000e+04
1.396500000000000000e+04
1.396800000000000000e+04
1.387600000000000000e+04
2.883700000000000000e+04
1.131300000000000000e+04
2.686000000000000000e+03
2.727000000000000000e+03
2.834000000000000000e+03
2.881500000000000000e+04
2.860200000000000000e+04
1.364000000000000000e+04
2.777000000000000000e+03
1.118300000000000000e+04
2.603000000000000000e+03
2.833300000000000000e+04
2.361000000000000000e+03
3.027000000000000000e+03
5.863000000000000000e+03
9.730000000000000000e+02
2.640000000000000000e+03
4.934000000000000000e+03
5.704000000000000000e+03
1.139500000000000000e+04
2.731000000000000000e+03
5.033000000000000000e+03
2.889400000000000000e+04
1.361000000000000000e+04
2.437000000000000000e+03
2.857500000000000000e+04
7.569000000000000000e+03
3.612000000000000000e+03
8.561000000000000000e+03
1.293400000000000000e+04
2.892300000000000000e+04
2.853100000000000000e+04
3.154000000000000000e+03
8.591000000000000000e+03
3.146000000000000000e+03
2.842500000000000000e+04
2.865100000000000000e+04
1.338900000000000000e+04
1.248500000000000000e+04
3.999000000000000000e+03
3.202000000000000000e+03
4.194000000000000000e+03
1.297900000000000000e+04
9.539000000000000000e+03
2.850700000000000000e+04
2.438000000000000000e+03
8.334000000000000000e+03
2.864700000000000000e+04
6.534000000000000000e+03
1.050800000000000000e+04
3.168000000000000000e+03
2.852400000000000000e+04
1.374800000000000000e+04
2.662000000000000000e+03
2.658000000000000000e+03
5.901000000000000000e+03
2.836100000000000000e+04
4.678000000000000000e+03
2.855400000000000000e+04
1.082800000000000000e+04
2.648000000000000000e+03
2.882000000000000000e+03
6.577000000000000000e+03
9.510000000000000000e+02
2.855500000000000000e+04
9.440000000000000000e+02
2.878100000000000000e+04
2.859500000000000000e+04
2.877100000000000000e+04
1.016000000000000000e+03
7.019000000000000000e+03
1.073500000000000000e+04
6.946000000000000000e+03
2.375000000000000000e+03
2.832500000000000000e+04
1.176000000000000000e+04
1.332500000000000000e+04
9.976000000000000000e+03
3.189000000000000000e+03
3.032000000000000000e+03
8.930000000000000000e+02
1.331700000000000000e+04
6.547000000000000000e+03
2.813000000000000000e+03
1.154200000000000000e+04
1.302100000000000000e+04
3.723000000000000000e+03
7.294000000000000000e+03
1.200800000000000000e+04
2.674000000000000000e+03
3.967000000000000000e+03
2.866200000000000000e+04
1.027900000000000000e+04
2.829600000000000000e+04
6.900000000000000000e+03
1.300000000000000000e+04
2.828400000000000000e+04
2.867600000000000000e+04
9.146000000000000000e+03
3.842000000000000000e+03
3.197000000000000000e+03
2.841300000000000000e+04
2.855700000000000000e+04
2.531000000000000000e+03
1.212400000000000000e+04
2.496000000000000000e+03
2.842800000000000000e+04
8.816000000000000000e+03
6.198000000000000000e+03
1.234700000000000000e+04
1.140800000000000000e+04
1.370100000000000000e+04
2.610000000000000000e+03
2.543000000000000000e+03
2.844000000000000000e+03
3.263000000000000000e+03
2.862200000000000000e+04
1.333400000000000000e+04
2.892100000000000000e+04
9.960000000000000000e+02
3.359000000000000000e+03
2.863000000000000000e+03
2.747000000000000000e+03
8.454000000000000000e+03
3.845000000000000000e+03
5.049000000000000000e+03
3.549000000000000000e+03
1.336000000000000000e+04
4.529000000000000000e+03
2.855900000000000000e+04
1.027400000000000000e+04
7.919000000000000000e+03
1.168400000000000000e+04
2.844500000000000000e+04
2.837300000000000000e+04
7.866000000000000000e+03
2.575000000000000000e+03
1.086100000000000000e+04
2.558000000000000000e+03
8.383000000000000000e+03
5.674000000000000000e+03
1.340100000000000000e+04
8.969000000000000000e+03
2.848600000000000000e+04
2.380000000000000000e+03
2.854500000000000000e+04
8.420000000000000000e+02
7.166000000000000000e+03
1.212500000000000000e+04
2.856300000000000000e+04
2.875800000000000000e+04
2.858700000000000000e+04
1.006000000000000000e+03
2.391000000000000000e+03
1.155400000000000000e+04
1.269200000000000000e+04
2.875000000000000000e+04
1.377000000000000000e+04
2.414000000000000000e+03
2.849400000000000000e+04
6.548000000000000000e+03
3.147000000000000000e+03
1.313400000000000000e+04
2.702000000000000000e+03
2.864300000000000000e+04
1.119900000000000000e+04
9.538000000000000000e+03
2.847000000000000000e+04
8.126000000000000000e+03
1.360200000000000000e+04
1.360800000000000000e+04
2.397000000000000000e+03
1.334800000000000000e+04
2.725000000000000000e+03
1.269600000000000000e+04
9.870000000000000000e+02
1.312500000000000000e+04
9.812000000000000000e+03
1.302500000000000000e+04
2.552000000000000000e+03
7.395000000000000000e+03
1.352800000000000000e+04
2.960000000000000000e+03
1.238200000000000000e+04
2.827800000000000000e+04
8.075000000000000000e+03
2.886000000000000000e+03
7.126000000000000000e+03
5.524000000000000000e+03
1.239900000000000000e+04
2.546000000000000000e+03
1.021000000000000000e+03
2.853900000000000000e+04
1.295200000000000000e+04
9.521000000000000000e+03
2.864800000000000000e+04
2.834100000000000000e+04
9.278000000000000000e+03
2.828300000000000000e+04
9.700000000000000000e+02
1.389600000000000000e+04
5.330000000000000000e+03
1.081400000000000000e+04
1.164700000000000000e+04
2.876200000000000000e+04
2.874700000000000000e+04
2.538000000000000000e+03
4.497000000000000000e+03
2.888400000000000000e+04
2.698000000000000000e+03
2.843000000000000000e+04
2.881600000000000000e+04
1.210500000000000000e+04
7.671000000000000000e+03
9.320000000000000000e+02
2.613000000000000000e+03
2.865500000000000000e+04
2.504000000000000000e+03
1.252900000000000000e+04
1.115300000000000000e+04
3.195000000000000000e+03
7.860000000000000000e+03
6.195000000000000000e+03
3.629000000000000000e+03
2.883400000000000000e+04
1.248100000000000000e+04
6.586000000000000000e+03
2.892000000000000000e+04
5.408000000000000000e+03
2.395000000000000000e+03
1.198900000000000000e+04
9.020000000000000000e+02
3.421000000000000000e+03
7.105000000000000000e+03
6.069000000000000000e+03
2.876600000000000000e+04
2.479000000000000000e+03
2.885700000000000000e+04
1.315800000000000000e+04
2.484000000000000000e+03
2.587000000000000000e+03
4.148000000000000000e+03
2.844000000000000000e+04
4.154000000000000000e+03
2.847600000000000000e+04
2.843700000000000000e+04
2.851300000000000000e+04
8.018000000000000000e+03
2.929000000000000000e+03
3.442000000000000000e+03
4.314000000000000000e+03
1.394500000000000000e+04
1.341000000000000000e+04
3.396000000000000000e+03
9.420000000000000000e+02
1.296900000000000000e+04
1.397100000000000000e+04
2.852200000000000000e+04
3.179000000000000000e+03
1.366400000000000000e+04
1.336900000000000000e+04
2.860400000000000000e+04
3.182000000000000000e+03
2.883200000000000000e+04
5.079000000000000000e+03
2.389000000000000000e+03
8.960000000000000000e+02
2.860800000000000000e+04
2.494000000000000000e+03
5.485000000000000000e+03
8.097000000000000000e+03
2.887300000000000000e+04
2.440000000000000000e+03
3.196000000000000000e+03
2.865800000000000000e+04
5.169000000000000000e+03
2.891800000000000000e+04
2.873400000000000000e+04
3.011000000000000000e+03
2.834700000000000000e+04
8.799000000000000000e+03
2.439000000000000000e+03
1.013900000000000000e+04
4.428000000000000000e+03
1.364500000000000000e+04
2.456000000000000000e+03
8.559000000000000000e+03
4.328000000000000000e+03
2.891900000000000000e+04
1.120600000000000000e+04
2.828500000000000000e+04
4.270000000000000000e+03
2.697000000000000000e+03
1.107400000000000000e+04
2.879700000000000000e+04
1.241400000000000000e+04
2.934000000000000000e+03
2.889500000000000000e+04
2.839900000000000000e+04
1.387900000000000000e+04
3.175000000000000000e+03
2.866700000000000000e+04
7.907000000000000000e+03
2.853200000000000000e+04
9.282000000000000000e+03
1.017000000000000000e+03
2.834000000000000000e+04
6.254000000000000000e+03
2.880700000000000000e+04
1.007100000000000000e+04
2.584000000000000000e+03
4.014000000000000000e+03
2.889000000000000000e+04
2.946000000000000000e+03
2.855200000000000000e+04
2.533000000000000000e+03
2.880300000000000000e+04
3.488000000000000000e+03
1.374300000000000000e+04
4.411000000000000000e+03
9.533000000000000000e+03
2.818400000000000000e+04
2.838500000000000000e+04
2.809000000000000000e+03
2.891300000000000000e+04
9.188000000000000000e+03
9.680000000000000000e+02
9.824000000000000000e+03
2.905000000000000000e+03
1.398000000000000000e+04
1.066500000000000000e+04
1.297400000000000000e+04
1.307300000000000000e+04
3.691000000000000000e+03
6.197000000000000000e+03
2.832200000000000000e+04
2.330000000000000000e+03
3.157000000000000000e+03
3.494000000000000000e+03
6.794000000000000000e+03
2.853600000000000000e+04
3.021000000000000000e+03
9.772000000000000000e+03
5.323000000000000000e+03
2.860600000000000000e+04
1.038300000000000000e+04
2.887000000000000000e+03
2.864400000000000000e+04
4.426000000000000000e+03
8.662000000000000000e+03
2.356000000000000000e+03
3.150000000000000000e+03
2.856500000000000000e+04
5.637000000000000000e+03
1.196800000000000000e+04
2.881400000000000000e+04
2.850800000000000000e+04
1.200600000000000000e+04
1.353300000000000000e+04
1.264400000000000000e+04
1.382400000000000000e+04
2.867900000000000000e+04
9.660000000000000000e+02
6.578000000000000000e+03
9.635000000000000000e+03
5.585000000000000000e+03
9.203000000000000000e+03
8.690000000000000000e+02
8.005000000000000000e+03
2.357000000000000000e+03
2.859200000000000000e+04
2.513000000000000000e+03
2.828100000000000000e+04
1.398600000000000000e+04
2.880200000000000000e+04
2.343000000000000000e+03
3.872000000000000000e+03
2.840600000000000000e+04
4.375000000000000000e+03
2.831700000000000000e+04
1.029600000000000000e+04
2.845200000000000000e+04
4.184000000000000000e+03
2.853800000000000000e+04
2.529000000000000000e+03
1.141600000000000000e+04
8.092000000000000000e+03
1.203900000000000000e+04
6.018000000000000000e+03
9.346000000000000000e+03
2.888600000000000000e+04
1.293700000000000000e+04
8.460000000000000000e+02
2.654000000000000000e+03
3.440000000000000000e+03
6.035000000000000000e+03
2.419000000000000000e+03
2.838000000000000000e+04
6.982000000000000000e+03
1.253700000000000000e+04
6.391000000000000000e+03
4.832000000000000000e+03
5.254000000000000000e+03
7.026000000000000000e+03
8.570000000000000000e+02
9.301000000000000000e+03
2.872000000000000000e+04
3.448000000000000000e+03
4.721000000000000000e+03
4.733000000000000000e+03
1.207000000000000000e+04
2.519000000000000000e+03
3.007000000000000000e+03
2.341000000000000000e+03
8.227000000000000000e+03
3.504000000000000000e+03
2.847800000000000000e+04
3.341000000000000000e+03
4.929000000000000000e+03
8.450000000000000000e+02
5.532000000000000000e+03
2.841600000000000000e+04
8.840000000000000000e+02
2.431000000000000000e+03
2.871300000000000000e+04
2.838400000000000000e+04
2.490000000000000000e+03
4.417000000000000000e+03
2.590000000000000000e+03
2.856900000000000000e+04
2.846300000000000000e+04
1.124800000000000000e+04
1.273000000000000000e+04
2.857700000000000000e+04
2.850400000000000000e+04
2.849300000000000000e+04
8.625000000000000000e+03
1.006700000000000000e+04
1.292700000000000000e+04
4.020000000000000000e+03
2.853300000000000000e+04
1.290200000000000000e+04
2.328000000000000000e+03
2.890700000000000000e+04
1.215600000000000000e+04
2.364000000000000000e+03
9.770000000000000000e+02
1.023800000000000000e+04
1.386800000000000000e+04
2.866300000000000000e+04
2.893000000000000000e+04
2.593000000000000000e+03
2.561000000000000000e+03
3.174000000000000000e+03
2.870300000000000000e+04
2.706000000000000000e+03
2.872400000000000000e+04
2.849000000000000000e+03
2.882200000000000000e+04
1.219200000000000000e+04
5.962000000000000000e+03
5.472000000000000000e+03
4.494000000000000000e+03
2.366000000000000000e+03
8.510000000000000000e+02
2.837800000000000000e+04
2.850600000000000000e+04
2.831900000000000000e+04
3.061000000000000000e+03
2.428000000000000000e+03
6.798000000000000000e+03
2.849500000000000000e+04
2.847700000000000000e+04
1.175000000000000000e+04
2.846900000000000000e+04
9.780000000000000000e+02
9.380000000000000000e+02
1.018300000000000000e+04
2.369000000000000000e+03
2.878400000000000000e+04
2.848000000000000000e+04
9.000000000000000000e+02
8.667000000000000000e+03
9.676000000000000000e+03
2.827500000000000000e+04
2.430000000000000000e+03
2.856400000000000000e+04
2.855800000000000000e+04
1.201900000000000000e+04
7.905000000000000000e+03
2.829000000000000000e+04
9.486000000000000000e+03
2.555000000000000000e+03
1.221900000000000000e+04
2.834300000000000000e+04
2.885800000000000000e+04
5.354000000000000000e+03
9.570000000000000000e+02
2.891500000000000000e+04
2.562000000000000000e+03
1.358000000000000000e+04
2.526000000000000000e+03
2.853000000000000000e+04
1.258800000000000000e+04
2.848200000000000000e+04
2.355000000000000000e+03
2.851000000000000000e+04
7.598000000000000000e+03
8.860000000000000000e+02
2.832100000000000000e+04
3.940000000000000000e+03
9.055000000000000000e+03
5.992000000000000000e+03
2.509000000000000000e+03
8.476000000000000000e+03
2.866900000000000000e+04
4.333000000000000000e+03
3.697000000000000000e+03
1.217300000000000000e+04
1.267200000000000000e+04
3.166000000000000000e+03
4.904000000000000000e+03
2.869200000000000000e+04
2.573000000000000000e+03
9.650000000000000000e+02
7.581000000000000000e+03
2.887500000000000000e+04
9.890000000000000000e+02
1.143500000000000000e+04
2.692000000000000000e+03
2.863600000000000000e+04
2.861200000000000000e+04
2.997000000000000000e+03
2.882800000000000000e+04
2.870100000000000000e+04
2.405000000000000000e+03
9.690000000000000000e+02
2.835600000000000000e+04
1.397300000000000000e+04
1.336700000000000000e+04
1.395000000000000000e+04
2.833700000000000000e+04
2.426000000000000000e+03
3.423000000000000000e+03
1.394000000000000000e+04
5.560000000000000000e+03
1.348700000000000000e+04
2.879000000000000000e+04
2.871800000000000000e+04
1.319600000000000000e+04
3.875000000000000000e+03
2.834800000000000000e+04
2.836400000000000000e+04
1.113700000000000000e+04
3.503000000000000000e+03
2.521000000000000000e+03
2.835100000000000000e+04
1.181300000000000000e+04
1.294200000000000000e+04
1.331500000000000000e+04
2.884600000000000000e+04
6.540000000000000000e+03
1.320200000000000000e+04
1.144000000000000000e+04
1.361200000000000000e+04
1.382300000000000000e+04
1.261100000000000000e+04
8.920000000000000000e+02
7.425000000000000000e+03
4.206000000000000000e+03
1.382200000000000000e+04
9.150000000000000000e+02
3.874000000000000000e+03
2.888500000000000000e+04
2.664000000000000000e+03
2.895000000000000000e+03
2.845400000000000000e+04
2.400000000000000000e+03
3.190000000000000000e+03
2.830000000000000000e+04
3.179000000000000000e+03
4.885000000000000000e+03
2.492000000000000000e+03
1.334700000000000000e+04
3.145000000000000000e+03
3.424000000000000000e+03
8.990000000000000000e+02
9.813000000000000000e+03
2.427000000000000000e+03
1.138800000000000000e+04
2.835300000000000000e+04
9.470000000000000000e+02
2.877400000000000000e+04
4.940000000000000000e+03
2.838200000000000000e+04
6.193000000000000000e+03
1.222700000000000000e+04
2.453000000000000000e+03
2.859100000000000000e+04
2.882100000000000000e+04
2.458000000000000000e+03
3.462000000000000000e+03
1.355800000000000000e+04
1.187000000000000000e+04
7.643000000000000000e+03
8.940000000000000000e+02
1.167500000000000000e+04
1.278000000000000000e+04
1.151600000000000000e+04
2.879800000000000000e+04
6.815000000000000000e+03
9.250000000000000000e+02
1.155600000000000000e+04
9.144000000000000000e+03
7.601000000000000000e+03
6.480000000000000000e+03
4.756000000000000000e+03
3.378000000000000000e+03
2.532000000000000000e+03
1.220700000000000000e+04
6.247000000000000000e+03
2.470000000000000000e+03
9.985000000000000000e+03
1.357500000000000000e+04
3.512000000000000000e+03
3.192000000000000000e+03
4.958000000000000000e+03
1.254900000000000000e+04
4.028000000000000000e+03
2.849600000000000000e+04
9.160000000000000000e+02
1.297500000000000000e+04
1.285300000000000000e+04
2.517000000000000000e+03
1.365700000000000000e+04
6.271000000000000000e+03
1.273800000000000000e+04
1.010000000000000000e+03
2.828800000000000000e+04
2.344000000000000000e+03
2.835800000000000000e+04
2.874000000000000000e+04
1.348400000000000000e+04
3.544000000000000000e+03
9.920000000000000000e+02
1.279200000000000000e+04
7.596000000000000000e+03
1.138500000000000000e+04
2.884200000000000000e+04
2.863800000000000000e+04
1.240700000000000000e+04
1.045600000000000000e+04
9.324000000000000000e+03
2.852800000000000000e+04
1.242200000000000000e+04
2.339000000000000000e+03
2.830000000000000000e+03
6.785000000000000000e+03
3.193000000000000000e+03
2.728000000000000000e+03
8.630000000000000000e+02
8.826000000000000000e+03
1.026100000000000000e+04
1.199900000000000000e+04
2.837200000000000000e+04
5.036000000000000000e+03
2.873200000000000000e+04
2.848500000000000000e+04
2.848400000000000000e+04
1.392300000000000000e+04
3.159000000000000000e+03
2.846700000000000000e+04
2.667000000000000000e+03
2.841800000000000000e+04
3.868000000000000000e+03
2.352000000000000000e+03
3.827000000000000000e+03
1.002000000000000000e+03
2.820100000000000000e+04
2.872900000000000000e+04
2.880500000000000000e+04
3.753000000000000000e+03
2.856100000000000000e+04
2.836900000000000000e+04
2.932000000000000000e+03
9.400000000000000000e+02
2.847900000000000000e+04
4.651000000000000000e+03
4.889000000000000000e+03
9.520000000000000000e+02
8.900000000000000000e+02
8.580000000000000000e+02
1.110500000000000000e+04
1.082900000000000000e+04
2.830800000000000000e+04
8.864000000000000000e+03
1.362700000000000000e+04
1.190500000000000000e+04
2.820000000000000000e+03
3.247000000000000000e+03
7.423000000000000000e+03
2.371000000000000000e+03
2.839600000000000000e+04
3.808000000000000000e+03
1.013200000000000000e+04
2.835900000000000000e+04
3.171000000000000000e+03
2.718000000000000000e+03
2.864000000000000000e+04
9.423000000000000000e+03
2.879000000000000000e+03
7.717000000000000000e+03
2.892400000000000000e+04
2.836200000000000000e+04
1.217100000000000000e+04
1.095200000000000000e+04
7.410000000000000000e+03
3.188000000000000000e+03
9.310000000000000000e+02
2.876000000000000000e+04
9.895000000000000000e+03
8.790000000000000000e+02
2.860500000000000000e+04
2.828000000000000000e+04
1.374700000000000000e+04
6.188000000000000000e+03
9.590000000000000000e+02
3.184000000000000000e+03
2.830300000000000000e+04
8.814000000000000000e+03
3.176000000000000000e+03
2.842400000000000000e+04
1.311100000000000000e+04
1.309300000000000000e+04
2.833400000000000000e+04
8.157000000000000000e+03
2.866600000000000000e+04
2.869100000000000000e+04
5.473000000000000000e+03
3.481000000000000000e+03
2.501000000000000000e+03
8.720000000000000000e+02
8.294000000000000000e+03
5.385000000000000000e+03
6.822000000000000000e+03
2.862800000000000000e+04
1.154000000000000000e+04
2.579000000000000000e+03
2.842700000000000000e+04
3.246000000000000000e+03
2.846400000000000000e+04
2.836600000000000000e+04
2.721000000000000000e+03
2.863700000000000000e+04
1.342300000000000000e+04
1.270900000000000000e+04
9.226000000000000000e+03
2.875400000000000000e+04
9.480000000000000000e+02
2.887600000000000000e+04
1.128400000000000000e+04
2.857600000000000000e+04
7.618000000000000000e+03
2.872600000000000000e+04
2.475000000000000000e+03
2.710000000000000000e+03
1.330300000000000000e+04
7.858000000000000000e+03
3.511000000000000000e+03
1.354000000000000000e+04
9.550000000000000000e+02
1.077100000000000000e+04
5.737000000000000000e+03
9.680000000000000000e+03
2.865200000000000000e+04
2.467000000000000000e+03
2.393000000000000000e+03
2.836000000000000000e+04
3.141000000000000000e+03
1.063600000000000000e+04
1.332300000000000000e+04
3.639000000000000000e+03
9.835000000000000000e+03
2.833600000000000000e+04
1.145700000000000000e+04
4.315000000000000000e+03
7.974000000000000000e+03
3.055000000000000000e+03
2.559000000000000000e+03
9.100000000000000000e+02
2.828700000000000000e+04
7.256000000000000000e+03
3.015000000000000000e+03
2.857300000000000000e+04
2.870700000000000000e+04
2.883600000000000000e+04
1.367300000000000000e+04
6.152000000000000000e+03
2.876100000000000000e+04
1.078700000000000000e+04
1.371800000000000000e+04
2.844700000000000000e+04
2.879100000000000000e+04
8.270000000000000000e+03
6.406000000000000000e+03
2.424000000000000000e+03
8.710000000000000000e+02
2.890500000000000000e+04
6.789000000000000000e+03
2.829700000000000000e+04
1.344800000000000000e+04
9.655000000000000000e+03
2.712000000000000000e+03
2.886800000000000000e+04
2.655000000000000000e+03
1.023000000000000000e+04
8.946000000000000000e+03
8.931000000000000000e+03
1.319900000000000000e+04
2.852700000000000000e+04
2.856200000000000000e+04
5.353000000000000000e+03
2.838900000000000000e+04
3.627000000000000000e+03
3.022000000000000000e+03
2.875900000000000000e+04
3.098000000000000000e+03
1.365600000000000000e+04
1.207800000000000000e+04
9.390000000000000000e+02
7.061000000000000000e+03
1.381500000000000000e+04
2.876300000000000000e+04
1.009100000000000000e+04
6.802000000000000000e+03
2.830200000000000000e+04
2.846200000000000000e+04
2.882900000000000000e+04
2.882400000000000000e+04
9.810000000000000000e+02
2.589000000000000000e+03
1.001700000000000000e+04
9.057000000000000000e+03
9.330000000000000000e+02
5.946000000000000000e+03
1.270000000000000000e+04
2.877900000000000000e+04
3.180000000000000000e+03
9.964000000000000000e+03
2.876800000000000000e+04
8.980000000000000000e+02
6.457000000000000000e+03
2.832800000000000000e+04
2.890900000000000000e+04
8.670000000000000000e+02
2.886300000000000000e+04
2.857800000000000000e+04
9.771000000000000000e+03
1.366000000000000000e+04
2.883900000000000000e+04
4.062000000000000000e+03
2.495000000000000000e+03
2.481000000000000000e+03
7.751000000000000000e+03
9.620000000000000000e+02
2.864100000000000000e+04
7.849000000000000000e+03
2.837400000000000000e+04
1.171200000000000000e+04
2.871000000000000000e+04
1.023000000000000000e+03
3.535000000000000000e+03
1.093300000000000000e+04
1.175500000000000000e+04
4.680000000000000000e+03
2.885500000000000000e+04
1.304400000000000000e+04
6.698000000000000000e+03
2.876400000000000000e+04
2.576000000000000000e+03
2.888100000000000000e+04
1.020800000000000000e+04
4.305000000000000000e+03
9.362000000000000000e+03
3.256000000000000000e+03
9.170000000000000000e+02
1.393600000000000000e+04
9.130000000000000000e+02
9.450000000000000000e+02
2.511000000000000000e+03
2.839300000000000000e+04
7.417000000000000000e+03
2.653000000000000000e+03
2.883500000000000000e+04
1.294100000000000000e+04
9.210000000000000000e+02
5.548000000000000000e+03
2.860000000000000000e+04
2.840700000000000000e+04
4.215000000000000000e+03
6.522000000000000000e+03
2.851100000000000000e+04
1.380300000000000000e+04
1.278400000000000000e+04
2.886400000000000000e+04
7.062000000000000000e+03
2.881000000000000000e+04
2.883300000000000000e+04
2.518000000000000000e+03
2.394000000000000000e+03
5.322000000000000000e+03
1.317700000000000000e+04
3.425000000000000000e+03
8.549000000000000000e+03
3.362000000000000000e+03
1.205100000000000000e+04
2.887200000000000000e+04
4.569000000000000000e+03
2.829100000000000000e+04
3.191000000000000000e+03
2.876700000000000000e+04
9.830000000000000000e+02
3.682000000000000000e+03
5.951000000000000000e+03
1.049400000000000000e+04
2.847100000000000000e+04
3.638000000000000000e+03
2.846000000000000000e+04
2.864200000000000000e+04
9.518000000000000000e+03
2.845900000000000000e+04
1.306800000000000000e+04
3.233000000000000000e+03
2.885000000000000000e+04
2.882600000000000000e+04
1.230600000000000000e+04
3.077000000000000000e+03
2.429000000000000000e+03
9.220000000000000000e+02
2.384000000000000000e+03
2.888000000000000000e+04
2.586000000000000000e+03
3.204000000000000000e+03
2.830400000000000000e+04
2.869500000000000000e+04
9.350000000000000000e+02
9.461000000000000000e+03
2.827200000000000000e+04
2.715000000000000000e+03
7.131000000000000000e+03
8.950000000000000000e+02
8.947000000000000000e+03
5.084000000000000000e+03
9.290000000000000000e+02
1.338700000000000000e+04
1.353400000000000000e+04
2.660000000000000000e+03
1.357600000000000000e+04
1.325700000000000000e+04
2.545000000000000000e+03
2.865700000000000000e+04
2.858900000000000000e+04
2.862900000000000000e+04
2.487000000000000000e+03
2.834200000000000000e+04
1.139100000000000000e+04
1.149700000000000000e+04
2.876000000000000000e+03
2.990000000000000000e+03
2.845300000000000000e+04
9.750000000000000000e+02
2.840900000000000000e+04
9.543000000000000000e+03
1.390100000000000000e+04
1.105700000000000000e+04
3.470000000000000000e+03
8.730000000000000000e+02
1.208600000000000000e+04
2.730000000000000000e+03
2.874500000000000000e+04
6.788000000000000000e+03
9.140000000000000000e+02
9.528000000000000000e+03
6.803000000000000000e+03
2.890000000000000000e+04
1.391600000000000000e+04
2.838300000000000000e+04
1.101500000000000000e+04
8.146000000000000000e+03
8.740000000000000000e+02
5.877000000000000000e+03
2.855100000000000000e+04
2.851500000000000000e+04
4.704000000000000000e+03
3.129000000000000000e+03
1.012000000000000000e+03
1.389400000000000000e+04
2.872100000000000000e+04
9.942000000000000000e+03
1.206400000000000000e+04
2.840000000000000000e+04
1.164100000000000000e+04
1.371300000000000000e+04
9.240000000000000000e+02
1.088100000000000000e+04
2.672000000000000000e+03
2.717000000000000000e+03
3.427000000000000000e+03
4.615000000000000000e+03
2.770000000000000000e+03
2.881900000000000000e+04
3.983000000000000000e+03
2.873300000000000000e+04
3.089000000000000000e+03
1.000000000000000000e+03
2.461000000000000000e+03
1.371400000000000000e+04
2.805000000000000000e+03
1.133800000000000000e+04
9.640000000000000000e+02
2.884400000000000000e+04
1.316400000000000000e+04
2.886200000000000000e+04
7.464000000000000000e+03
1.019400000000000000e+04
3.443000000000000000e+03
6.817000000000000000e+03
2.879500000000000000e+04
2.863500000000000000e+04
6.371000000000000000e+03
3.224000000000000000e+03
1.154600000000000000e+04
1.314400000000000000e+04
2.609000000000000000e+03
8.850000000000000000e+02
1.004000000000000000e+03
2.646000000000000000e+03
1.009700000000000000e+04
5.398000000000000000e+03
3.164000000000000000e+03
3.702000000000000000e+03
2.843800000000000000e+04
9.710000000000000000e+02
2.850200000000000000e+04
2.869600000000000000e+04
2.346000000000000000e+03
3.199000000000000000e+03
1.350800000000000000e+04
8.480000000000000000e+02
2.827400000000000000e+04
1.396200000000000000e+04
9.387000000000000000e+03
1.301400000000000000e+04
3.884000000000000000e+03
2.348000000000000000e+03
5.400000000000000000e+03
6.357000000000000000e+03
3.131000000000000000e+03
2.843300000000000000e+04
3.971000000000000000e+03
1.352400000000000000e+04
1.096200000000000000e+04
2.839400000000000000e+04
7.116000000000000000e+03
2.871700000000000000e+04
2.847300000000000000e+04
8.700000000000000000e+02
3.079000000000000000e+03
1.068100000000000000e+04
6.342000000000000000e+03
2.869800000000000000e+04
1.334400000000000000e+04
1.374200000000000000e+04
8.587000000000000000e+03
8.800000000000000000e+02
2.855600000000000000e+04
5.335000000000000000e+03
1.169800000000000000e+04
8.652000000000000000e+03
1.348600000000000000e+04
9.668000000000000000e+03
1.262700000000000000e+04
5.449000000000000000e+03
2.840400000000000000e+04
2.829800000000000000e+04
6.031000000000000000e+03
2.507000000000000000e+03
5.340000000000000000e+03
3.836000000000000000e+03
2.830500000000000000e+04
2.885400000000000000e+04
1.050400000000000000e+04
7.133000000000000000e+03
7.937000000000000000e+03
3.519000000000000000e+03
9.080000000000000000e+03
2.563000000000000000e+03
2.839000000000000000e+04
2.836700000000000000e+04
3.454000000000000000e+03
1.208200000000000000e+04
1.095400000000000000e+04
4.732000000000000000e+03
7.070000000000000000e+03
2.876500000000000000e+04
7.266000000000000000e+03
3.073000000000000000e+03
1.234500000000000000e+04
2.867000000000000000e+03
9.169000000000000000e+03
2.811000000000000000e+03
2.889700000000000000e+04
9.610000000000000000e+02
2.848300000000000000e+04
7.874000000000000000e+03
2.878700000000000000e+04
1.358100000000000000e+04
2.851800000000000000e+04
1.370000000000000000e+04
9.463000000000000000e+03
3.315000000000000000e+03
2.868400000000000000e+04
2.342000000000000000e+03
2.847500000000000000e+04
7.796000000000000000e+03
6.851000000000000000e+03
5.495000000000000000e+03
2.859400000000000000e+04
4.437000000000000000e+03
1.001000000000000000e+03
1.350700000000000000e+04
1.060000000000000000e+04
1.325000000000000000e+04
8.435000000000000000e+03
2.883000000000000000e+03
1.053800000000000000e+04
9.080000000000000000e+02
1.305100000000000000e+04
8.430000000000000000e+02
2.879900000000000000e+04
2.871900000000000000e+04
4.113000000000000000e+03
1.185800000000000000e+04
2.441000000000000000e+03
2.482000000000000000e+03
2.867500000000000000e+04
1.169500000000000000e+04
1.374100000000000000e+04
2.893100000000000000e+04
2.890200000000000000e+04
5.883000000000000000e+03
6.941000000000000000e+03
9.754000000000000000e+03
6.386000000000000000e+03
3.110000000000000000e+03
8.341000000000000000e+03
4.089000000000000000e+03
2.863200000000000000e+04
6.797000000000000000e+03
2.472000000000000000e+03
2.891700000000000000e+04
1.347300000000000000e+04
4.397000000000000000e+03
1.378400000000000000e+04
9.553000000000000000e+03
1.275300000000000000e+04
5.329000000000000000e+03
7.339000000000000000e+03
2.842000000000000000e+04
1.368500000000000000e+04
2.372000000000000000e+03
3.044000000000000000e+03
6.156000000000000000e+03
2.868100000000000000e+04
1.140300000000000000e+04
2.851200000000000000e+04
2.859600000000000000e+04
8.600000000000000000e+02
1.103000000000000000e+04
2.862000000000000000e+04
3.005000000000000000e+03
1.389900000000000000e+04
2.880000000000000000e+04
2.875200000000000000e+04
2.850000000000000000e+04
7.237000000000000000e+03
2.432000000000000000e+03
1.245000000000000000e+04
1.372300000000000000e+04
1.290100000000000000e+04
3.729000000000000000e+03
2.820500000000000000e+04
2.864500000000000000e+04
3.591000000000000000e+03
1.070800000000000000e+04
2.878900000000000000e+04
1.276800000000000000e+04
1.379200000000000000e+04
3.153000000000000000e+03
7.093000000000000000e+03
2.867000000000000000e+04
1.373400000000000000e+04
1.328000000000000000e+04
2.849100000000000000e+04
5.735000000000000000e+03
4.382000000000000000e+03
4.455000000000000000e+03
6.885000000000000000e+03
8.267000000000000000e+03
3.507000000000000000e+03
1.387800000000000000e+04
2.835200000000000000e+04
3.112000000000000000e+03
1.256500000000000000e+04
3.367000000000000000e+03
2.887400000000000000e+04
2.854300000000000000e+04
1.009000000000000000e+03
2.844200000000000000e+04
9.180000000000000000e+02
1.275700000000000000e+04
3.499000000000000000e+03
1.231800000000000000e+04
1.218600000000000000e+04
2.830600000000000000e+04
2.877800000000000000e+04
2.370000000000000000e+03
6.684000000000000000e+03
2.884900000000000000e+04
5.460000000000000000e+03
2.863000000000000000e+04
1.137800000000000000e+04
9.611000000000000000e+03
1.114900000000000000e+04
1.318400000000000000e+04
1.376600000000000000e+04
2.841500000000000000e+04
5.801000000000000000e+03
1.044700000000000000e+04
3.644000000000000000e+03
2.885900000000000000e+04
1.136200000000000000e+04
2.944000000000000000e+03
3.814000000000000000e+03
2.841400000000000000e+04
9.242000000000000000e+03
2.787000000000000000e+03
1.337500000000000000e+04
9.256000000000000000e+03
2.876900000000000000e+04
4.530000000000000000e+03
6.976000000000000000e+03
5.767000000000000000e+03
2.736000000000000000e+03
8.810000000000000000e+02
3.957000000000000000e+03
1.376700000000000000e+04
2.820400000000000000e+04
1.294600000000000000e+04
3.309000000000000000e+03
2.860700000000000000e+04
2.877500000000000000e+04
1.055600000000000000e+04
1.013700000000000000e+04
2.783000000000000000e+03
2.337000000000000000e+03
2.836300000000000000e+04
3.298000000000000000e+03
3.308000000000000000e+03
4.640000000000000000e+03
2.862100000000000000e+04
5.502000000000000000e+03
1.340500000000000000e+04
2.888300000000000000e+04
6.253000000000000000e+03
9.970000000000000000e+02
6.933000000000000000e+03
1.024000000000000000e+03
1.008000000000000000e+03
8.642000000000000000e+03
1.275400000000000000e+04
2.890100000000000000e+04
2.861000000000000000e+04
2.865900000000000000e+04
5.098000000000000000e+03
9.490000000000000000e+02
2.856000000000000000e+03
1.045900000000000000e+04
1.395500000000000000e+04
1.267600000000000000e+04
1.123000000000000000e+04
9.040000000000000000e+02
2.756000000000000000e+03
2.867400000000000000e+04
4.280000000000000000e+03
1.351200000000000000e+04
2.885300000000000000e+04
9.800000000000000000e+02
2.916000000000000000e+03
9.782000000000000000e+03
2.867100000000000000e+04
1.341800000000000000e+04
2.857200000000000000e+04
9.630000000000000000e+02
2.899000000000000000e+03
9.923000000000000000e+03
7.127000000000000000e+03
1.020000000000000000e+03
2.858100000000000000e+04
9.325000000000000000e+03
1.272900000000000000e+04
2.861400000000000000e+04
3.171000000000000000e+03
1.284600000000000000e+04
3.785000000000000000e+03
2.359000000000000000e+03
4.610000000000000000e+03
7.148000000000000000e+03
1.326400000000000000e+04
6.979000000000000000e+03
2.852500000000000000e+04
1.284100000000000000e+04
4.653000000000000000e+03
9.795000000000000000e+03
4.181000000000000000e+03
3.550000000000000000e+03
2.857100000000000000e+04
2.840300000000000000e+04
2.862500000000000000e+04
1.015000000000000000e+03
3.167000000000000000e+03
2.995000000000000000e+03
2.884700000000000000e+04
1.071100000000000000e+04
9.822000000000000000e+03
8.831000000000000000e+03
2.549000000000000000e+03
1.176200000000000000e+04
2.870500000000000000e+04
1.393200000000000000e+04
2.867200000000000000e+04
2.852300000000000000e+04
1.095500000000000000e+04
2.861800000000000000e+04
1.393000000000000000e+04
2.601000000000000000e+03
8.760000000000000000e+02
2.923000000000000000e+03
9.530000000000000000e+02
1.373200000000000000e+04
4.427000000000000000e+03
1.365900000000000000e+04
6.801000000000000000e+03
1.351400000000000000e+04
3.572000000000000000e+03
3.358000000000000000e+03
8.610000000000000000e+02
2.713000000000000000e+03
2.445000000000000000e+03
9.281000000000000000e+03
2.893300000000000000e+04
6.425000000000000000e+03
2.800000000000000000e+03
2.474000000000000000e+03
2.892900000000000000e+04
1.364800000000000000e+04
9.820000000000000000e+02
2.423000000000000000e+03
2.886600000000000000e+04
5.581000000000000000e+03
2.842600000000000000e+04
2.885200000000000000e+04
3.149000000000000000e+03
1.370300000000000000e+04
9.950000000000000000e+02
1.376500000000000000e+04
2.833900000000000000e+04
4.791000000000000000e+03
2.863400000000000000e+04
1.265300000000000000e+04
3.183000000000000000e+03
1.084900000000000000e+04
1.013000000000000000e+03
1.295600000000000000e+04
2.338000000000000000e+03
2.891000000000000000e+04
1.212600000000000000e+04
2.884000000000000000e+04
2.661000000000000000e+03
1.047800000000000000e+04
2.881200000000000000e+04
2.434000000000000000e+03
2.870000000000000000e+04
2.845700000000000000e+04
2.854000000000000000e+04
7.540000000000000000e+03
8.440000000000000000e+02
8.738000000000000000e+03
2.897000000000000000e+03
6.269000000000000000e+03
9.267000000000000000e+03
1.101200000000000000e+04
1.398100000000000000e+04
1.334600000000000000e+04
9.370000000000000000e+02
2.407000000000000000e+03
2.861600000000000000e+04
2.865300000000000000e+04
2.402000000000000000e+03
1.377200000000000000e+04
9.633000000000000000e+03
1.374600000000000000e+04
9.209000000000000000e+03
2.869700000000000000e+04
5.200000000000000000e+03
2.828000000000000000e+03
2.884100000000000000e+04
2.878000000000000000e+04
2.884000000000000000e+03
1.303000000000000000e+04
2.854400000000000000e+04
2.854700000000000000e+04
2.409000000000000000e+03
1.286800000000000000e+04
2.860300000000000000e+04
2.877700000000000000e+04
1.393700000000000000e+04
1.027600000000000000e+04
9.935000000000000000e+03
1.298700000000000000e+04
1.202200000000000000e+04
5.534000000000000000e+03
2.844400000000000000e+04
2.868700000000000000e+04
5.100000000000000000e+03
1.060700000000000000e+04
6.642000000000000000e+03
2.873900000000000000e+04
5.118000000000000000e+03
1.117000000000000000e+04
1.141100000000000000e+04
2.891600000000000000e+04
1.388000000000000000e+04
4.956000000000000000e+03
2.998000000000000000e+03
9.359000000000000000e+03
9.940000000000000000e+02
9.990000000000000000e+02
4.057000000000000000e+03
1.307400000000000000e+04
3.172000000000000000e+03
3.527000000000000000e+03
1.392800000000000000e+04
4.997000000000000000e+03
1.084600000000000000e+04
2.837600000000000000e+04
2.834600000000000000e+04
1.355100000000000000e+04
5.023000000000000000e+03
8.490000000000000000e+02
8.167000000000000000e+03
9.190000000000000000e+02
2.858500000000000000e+04
2.739000000000000000e+03
2.867800000000000000e+04
2.853700000000000000e+04
2.637000000000000000e+03
2.827300000000000000e+04
2.888900000000000000e+04
1.104800000000000000e+04
1.221800000000000000e+04
1.330700000000000000e+04
1.121700000000000000e+04
2.890800000000000000e+04
2.882300000000000000e+04
2.827700000000000000e+04
6.460000000000000000e+03
8.464000000000000000e+03
1.207100000000000000e+04
1.313800000000000000e+04
5.462000000000000000e+03
2.858300000000000000e+04
2.827600000000000000e+04
2.493000000000000000e+03
9.366000000000000000e+03
5.810000000000000000e+03
2.478000000000000000e+03
4.910000000000000000e+03
3.727000000000000000e+03
2.349000000000000000e+03
1.348000000000000000e+04
1.240800000000000000e+04
2.884500000000000000e+04
2.829900000000000000e+04
5.577000000000000000e+03
4.200000000000000000e+03
2.383000000000000000e+03
2.868300000000000000e+04
4.878000000000000000e+03
4.561000000000000000e+03
7.336000000000000000e+03
9.840000000000000000e+03
1.205300000000000000e+04
9.667000000000000000e+03
8.530000000000000000e+02
2.890600000000000000e+04
1.093900000000000000e+04
3.861000000000000000e+03
1.326500000000000000e+04
9.070000000000000000e+02
1.328700000000000000e+04
2.862600000000000000e+04
9.095000000000000000e+03
2.849000000000000000e+04
2.877000000000000000e+04
7.257000000000000000e+03
2.839500000000000000e+04
7.302000000000000000e+03
2.830700000000000000e+04
2.860100000000000000e+04
1.391800000000000000e+04
1.305700000000000000e+04
4.481000000000000000e+03
2.872200000000000000e+04
3.124000000000000000e+03
2.421000000000000000e+03
2.937000000000000000e+03
1.312800000000000000e+04
3.163000000000000000e+03
1.391400000000000000e+04
2.889900000000000000e+04
3.770000000000000000e+03
2.879300000000000000e+04
1.282600000000000000e+04
8.500000000000000000e+02
2.862700000000000000e+04
2.889300000000000000e+04
2.503000000000000000e+03
9.860000000000000000e+02
2.893700000000000000e+04
2.871200000000000000e+04
3.170000000000000000e+03
7.390000000000000000e+03
1.285800000000000000e+04
1.320100000000000000e+04
1.350400000000000000e+04
3.273000000000000000e+03
2.831600000000000000e+04
6.833000000000000000e+03
3.132000000000000000e+03
2.831000000000000000e+04
2.534000000000000000e+03
3.182000000000000000e+03
7.095000000000000000e+03
7.014000000000000000e+03
2.871600000000000000e+04
2.390000000000000000e+03
8.455000000000000000e+03
1.356700000000000000e+04
2.843400000000000000e+04
2.392000000000000000e+03
9.030000000000000000e+02
4.131000000000000000e+03
1.280800000000000000e+04
2.851400000000000000e+04
2.853400000000000000e+04
2.828900000000000000e+04
2.830900000000000000e+04
7.200000000000000000e+03
1.345100000000000000e+04
9.402000000000000000e+03
2.862300000000000000e+04
1.328800000000000000e+04
2.887000000000000000e+04
3.793000000000000000e+03
3.934000000000000000e+03
9.566000000000000000e+03
1.313900000000000000e+04
2.891100000000000000e+04
9.280000000000000000e+02
2.874800000000000000e+04
9.360000000000000000e+02
9.560000000000000000e+02
7.705000000000000000e+03
1.052400000000000000e+04
4.858000000000000000e+03
2.520000000000000000e+03
8.515000000000000000e+03
1.311500000000000000e+04
4.693000000000000000e+03
2.858800000000000000e+04
1.012600000000000000e+04
2.828600000000000000e+04
1.372200000000000000e+04
9.498000000000000000e+03
2.840800000000000000e+04
5.551000000000000000e+03
1.258500000000000000e+04
2.837100000000000000e+04
2.863300000000000000e+04
1.162800000000000000e+04
2.373000000000000000e+03
3.677000000000000000e+03
3.160000000000000000e+03
1.382000000000000000e+04
2.879400000000000000e+04
1.146800000000000000e+04
1.355200000000000000e+04
2.404000000000000000e+03
1.150100000000000000e+04
2.689000000000000000e+03
2.856000000000000000e+04
1.043200000000000000e+04
1.260500000000000000e+04
5.282000000000000000e+03
9.091000000000000000e+03
4.965000000000000000e+03
4.863000000000000000e+03
1.118800000000000000e+04
2.841200000000000000e+04
2.408000000000000000e+03
2.606000000000000000e+03
4.033000000000000000e+03
2.416000000000000000e+03
9.746000000000000000e+03
2.832000000000000000e+04
2.871500000000000000e+04
1.191900000000000000e+04
4.475000000000000000e+03
6.297000000000000000e+03
9.068000000000000000e+03
2.866400000000000000e+04
5.809000000000000000e+03
4.867000000000000000e+03
2.873500000000000000e+04
1.291600000000000000e+04
1.345500000000000000e+04
1.291000000000000000e+04
2.851700000000000000e+04
2.843200000000000000e+04
7.863000000000000000e+03
6.528000000000000000e+03
2.859900000000000000e+04
1.027200000000000000e+04
2.807000000000000000e+03
1.306100000000000000e+04
1.324200000000000000e+04
3.320000000000000000e+03
3.565000000000000000e+03
3.670000000000000000e+03
2.835700000000000000e+04
5.765000000000000000e+03
5.060000000000000000e+03
7.756000000000000000e+03
3.334000000000000000e+03
2.866500000000000000e+04
9.246000000000000000e+03
3.017000000000000000e+03
4.144000000000000000e+03
6.424000000000000000e+03
1.184300000000000000e+04
3.198000000000000000e+03
1.034200000000000000e+04
1.392400000000000000e+04
2.846100000000000000e+04
1.196900000000000000e+04
1.294400000000000000e+04
4.624000000000000000e+03
8.009000000000000000e+03
1.280400000000000000e+04
5.058000000000000000e+03
2.843500000000000000e+04
2.401000000000000000e+03
7.309000000000000000e+03
1.241700000000000000e+04
2.856700000000000000e+04
3.180000000000000000e+03
2.514000000000000000e+03
3.091000000000000000e+03
3.162000000000000000e+03
2.868500000000000000e+04
2.724000000000000000e+03
2.837000000000000000e+04
2.873800000000000000e+04
1.073600000000000000e+04
2.889800000000000000e+04
1.283400000000000000e+04
3.647000000000000000e+03
6.527000000000000000e+03
2.615000000000000000e+03
2.875700000000000000e+04
6.151000000000000000e+03
7.819000000000000000e+03
2.834400000000000000e+04
2.760000000000000000e+03
2.833100000000000000e+04
1.234100000000000000e+04
2.851900000000000000e+04
1.371000000000000000e+04
9.840000000000000000e+02
4.804000000000000000e+03
7.931000000000000000e+03
3.820000000000000000e+03
3.463000000000000000e+03
1.258100000000000000e+04
1.270800000000000000e+04
3.706000000000000000e+03
2.888800000000000000e+04
2.841700000000000000e+04
2.657000000000000000e+03
1.052900000000000000e+04
8.692000000000000000e+03
1.390000000000000000e+04
6.734000000000000000e+03
2.892700000000000000e+04
1.391200000000000000e+04
2.874900000000000000e+04
2.870600000000000000e+04
1.385200000000000000e+04
1.058300000000000000e+04
8.410000000000000000e+02
4.774000000000000000e+03
4.434000000000000000e+03
1.122500000000000000e+04
1.373700000000000000e+04
2.873100000000000000e+04
2.862400000000000000e+04
1.259900000000000000e+04
1.231200000000000000e+04
1.287100000000000000e+04
2.882000000000000000e+04
2.837500000000000000e+04
7.841000000000000000e+03
2.866800000000000000e+04
9.783000000000000000e+03
2.889600000000000000e+04
2.887800000000000000e+04
1.124200000000000000e+04
1.386300000000000000e+04
5.499000000000000000e+03
7.590000000000000000e+03
1.138000000000000000e+04
2.516000000000000000e+03
3.307000000000000000e+03
8.780000000000000000e+02
8.620000000000000000e+02
2.976000000000000000e+03
2.886000000000000000e+04
2.448000000000000000e+03
2.592000000000000000e+03
3.030000000000000000e+03
2.874400000000000000e+04
1.381000000000000000e+04
9.260000000000000000e+02
3.946000000000000000e+03
1.394800000000000000e+04
3.052000000000000000e+03
2.793000000000000000e+03
1.300400000000000000e+04
8.590000000000000000e+02
2.831100000000000000e+04
5.668000000000000000e+03
2.869900000000000000e+04
2.488000000000000000e+03
3.553000000000000000e+03
4.657000000000000000e+03
2.858400000000000000e+04
8.187000000000000000e+03
7.945000000000000000e+03
6.965000000000000000e+03
4.166000000000000000e+03
2.332000000000000000e+03
1.253400000000000000e+04
1.039700000000000000e+04
2.878600000000000000e+04
1.174700000000000000e+04
1.372900000000000000e+04
8.680000000000000000e+02
2.889200000000000000e+04
3.514000000000000000e+03
2.831300000000000000e+04
2.784000000000000000e+03
1.393300000000000000e+04
2.754000000000000000e+03
2.853500000000000000e+04
2.868200000000000000e+04
1.005000000000000000e+03
2.668000000000000000e+03
2.878800000000000000e+04
2.893500000000000000e+04
2.891400000000000000e+04
3.980000000000000000e+03
1.011000000000000000e+03
2.382000000000000000e+03
1.001900000000000000e+04
9.614000000000000000e+03
3.031000000000000000e+03
7.465000000000000000e+03
1.062400000000000000e+04
7.048000000000000000e+03
9.910000000000000000e+02
1.041800000000000000e+04
1.228100000000000000e+04
2.841000000000000000e+04
8.315000000000000000e+03
3.926000000000000000e+03
2.875500000000000000e+04
2.886500000000000000e+04
1.357100000000000000e+04
2.863900000000000000e+04
9.270000000000000000e+02
2.836800000000000000e+04
2.963000000000000000e+03
