2.715500000000000000e+04
3.030000000000000000e+03
2.725600000000000000e+04
3.039000000000000000e+03
2.789200000000000000e+04
2.790000000000000000e+04
2.744900000000000000e+04
2.734800000000000000e+04
2.747800000000000000e+04
2.698700000000000000e+04
2.800600000000000000e+04
2.788100000000000000e+04
2.727400000000000000e+04
2.785100000000000000e+04
2.745000000000000000e+04
2.778900000000000000e+04
2.805100000000000000e+04
2.742400000000000000e+04
2.742700000000000000e+04
2.752600000000000000e+04
2.703400000000000000e+04
2.697700000000000000e+04
2.763000000000000000e+04
3.122000000000000000e+03
2.703900000000000000e+04
2.751700000000000000e+04
2.790400000000000000e+04
2.748300000000000000e+04
2.742900000000000000e+04
2.793700000000000000e+04
3.130000000000000000e+03
2.714600000000000000e+04
2.780700000000000000e+04
2.805500000000000000e+04
2.705200000000000000e+04
2.802500000000000000e+04
2.719400000000000000e+04
2.766100000000000000e+04
3.094000000000000000e+03
2.766400000000000000e+04
2.712500000000000000e+04
2.785900000000000000e+04
2.710100000000000000e+04
2.753900000000000000e+04
2.755500000000000000e+04
2.761100000000000000e+04
2.815200000000000000e+04
3.123000000000000000e+03
2.713900000000000000e+04
2.787200000000000000e+04
2.795800000000000000e+04
2.769300000000000000e+04
3.044000000000000000e+03
2.800200000000000000e+04
3.138000000000000000e+03
2.788400000000000000e+04
3.083000000000000000e+03
2.807300000000000000e+04
3.127000000000000000e+03
2.754200000000000000e+04
3.020000000000000000e+03
2.815800000000000000e+04
2.725500000000000000e+04
2.805000000000000000e+04
2.712200000000000000e+04
2.770000000000000000e+04
2.706300000000000000e+04
2.721700000000000000e+04
2.802700000000000000e+04
2.811400000000000000e+04
2.711500000000000000e+04
2.786400000000000000e+04
2.817200000000000000e+04
2.808000000000000000e+04
2.706600000000000000e+04
2.765000000000000000e+04
2.813900000000000000e+04
2.801100000000000000e+04
2.802400000000000000e+04
2.795400000000000000e+04
2.697400000000000000e+04
2.814600000000000000e+04
2.714200000000000000e+04
2.785700000000000000e+04
2.702900000000000000e+04
2.709100000000000000e+04
2.793900000000000000e+04
3.104000000000000000e+03
2.783300000000000000e+04
2.811900000000000000e+04
2.810500000000000000e+04
2.802600000000000000e+04
2.816500000000000000e+04
2.735800000000000000e+04
2.743100000000000000e+04
2.736700000000000000e+04
2.708200000000000000e+04
2.807900000000000000e+04
3.059000000000000000e+03
2.810100000000000000e+04
2.754800000000000000e+04
2.781900000000000000e+04
2.790500000000000000e+04
2.703700000000000000e+04
3.075000000000000000e+03
2.803000000000000000e+04
2.720200000000000000e+04
2.775500000000000000e+04
2.725400000000000000e+04
2.752900000000000000e+04
2.717100000000000000e+04
2.779600000000000000e+04
2.759300000000000000e+04
3.010000000000000000e+03
2.727700000000000000e+04
2.773300000000000000e+04
2.806800000000000000e+04
2.698100000000000000e+04
2.707300000000000000e+04
2.720500000000000000e+04
2.786800000000000000e+04
3.064000000000000000e+03
2.751000000000000000e+04
2.746800000000000000e+04
2.771300000000000000e+04
2.806000000000000000e+04
2.781000000000000000e+04
2.771400000000000000e+04
3.054000000000000000e+03
2.764200000000000000e+04
3.078000000000000000e+03
2.779400000000000000e+04
2.724200000000000000e+04
3.025000000000000000e+03
2.771000000000000000e+04
2.722300000000000000e+04
2.773700000000000000e+04
2.768900000000000000e+04
2.752500000000000000e+04
3.052000000000000000e+03
2.722600000000000000e+04
2.794400000000000000e+04
2.815000000000000000e+04
2.737700000000000000e+04
2.801600000000000000e+04
2.728600000000000000e+04
2.759500000000000000e+04
2.699500000000000000e+04
2.784900000000000000e+04
2.793800000000000000e+04
2.747000000000000000e+04
2.719300000000000000e+04
2.784800000000000000e+04
2.716100000000000000e+04
2.735900000000000000e+04
2.778100000000000000e+04
3.015000000000000000e+03
2.719200000000000000e+04
2.750400000000000000e+04
2.744000000000000000e+04
2.769700000000000000e+04
2.707200000000000000e+04
2.726100000000000000e+04
2.725000000000000000e+04
2.707900000000000000e+04
2.747200000000000000e+04
2.744100000000000000e+04
2.717300000000000000e+04
2.813300000000000000e+04
2.705300000000000000e+04
2.745600000000000000e+04
2.736900000000000000e+04
2.798800000000000000e+04
2.741700000000000000e+04
2.774500000000000000e+04
2.789900000000000000e+04
2.806100000000000000e+04
2.805200000000000000e+04
2.748800000000000000e+04
2.750000000000000000e+04
2.744200000000000000e+04
2.733300000000000000e+04
2.759700000000000000e+04
3.113000000000000000e+03
2.718000000000000000e+04
2.783000000000000000e+04
2.811000000000000000e+04
2.815900000000000000e+04
2.808300000000000000e+04
3.071000000000000000e+03
2.702600000000000000e+04
2.748600000000000000e+04
2.790100000000000000e+04
2.796900000000000000e+04
2.731700000000000000e+04
2.737900000000000000e+04
3.128000000000000000e+03
2.737500000000000000e+04
2.708100000000000000e+04
2.790300000000000000e+04
2.707400000000000000e+04
2.724900000000000000e+04
2.718800000000000000e+04
2.762900000000000000e+04
2.753300000000000000e+04
2.712900000000000000e+04
2.808100000000000000e+04
2.767600000000000000e+04
2.770500000000000000e+04
2.754400000000000000e+04
2.706000000000000000e+04
2.756200000000000000e+04
2.721000000000000000e+04
2.797500000000000000e+04
2.810400000000000000e+04
2.731300000000000000e+04
2.763200000000000000e+04
2.767200000000000000e+04
2.762500000000000000e+04
2.786000000000000000e+04
3.046000000000000000e+03
2.810600000000000000e+04
2.783800000000000000e+04
2.724100000000000000e+04
2.795900000000000000e+04
2.767500000000000000e+04
2.700000000000000000e+04
2.776200000000000000e+04
2.722000000000000000e+04
2.697900000000000000e+04
2.800800000000000000e+04
2.725300000000000000e+04
2.810000000000000000e+04
2.704100000000000000e+04
2.745900000000000000e+04
2.708000000000000000e+04
3.035000000000000000e+03
2.712300000000000000e+04
2.778800000000000000e+04
2.739800000000000000e+04
2.791700000000000000e+04
3.139000000000000000e+03
3.098000000000000000e+03
2.765400000000000000e+04
2.716600000000000000e+04
2.805900000000000000e+04
2.723100000000000000e+04
2.765600000000000000e+04
2.712000000000000000e+04
2.732600000000000000e+04
3.088000000000000000e+03
2.787800000000000000e+04
2.726700000000000000e+04
2.715400000000000000e+04
2.732500000000000000e+04
2.762700000000000000e+04
2.729700000000000000e+04
2.792800000000000000e+04
3.036000000000000000e+03
2.734200000000000000e+04
2.703100000000000000e+04
2.741600000000000000e+04
3.068000000000000000e+03
2.794000000000000000e+04
2.801900000000000000e+04
2.734400000000000000e+04
3.079000000000000000e+03
3.082000000000000000e+03
2.738300000000000000e+04
2.700400000000000000e+04
2.707700000000000000e+04
2.724500000000000000e+04
2.699000000000000000e+04
2.782200000000000000e+04
2.781800000000000000e+04
2.817400000000000000e+04
2.756700000000000000e+04
2.792700000000000000e+04
2.780400000000000000e+04
2.744800000000000000e+04
2.779000000000000000e+04
2.740500000000000000e+04
2.806500000000000000e+04
2.725200000000000000e+04
2.801700000000000000e+04
2.697000000000000000e+04
2.741100000000000000e+04
2.717000000000000000e+04
2.727800000000000000e+04
2.768000000000000000e+04
2.770100000000000000e+04
3.066000000000000000e+03
2.728500000000000000e+04
2.768200000000000000e+04
2.806900000000000000e+04
2.807500000000000000e+04
2.799600000000000000e+04
2.801300000000000000e+04
2.730700000000000000e+04
2.742100000000000000e+04
2.788000000000000000e+04
2.756500000000000000e+04
3.053000000000000000e+03
2.757800000000000000e+04
2.815500000000000000e+04
3.115000000000000000e+03
2.719100000000000000e+04
2.782100000000000000e+04
2.747500000000000000e+04
2.804100000000000000e+04
2.696600000000000000e+04
2.763100000000000000e+04
2.743900000000000000e+04
2.815600000000000000e+04
2.739700000000000000e+04
2.794800000000000000e+04
2.749100000000000000e+04
2.749900000000000000e+04
2.727200000000000000e+04
2.772200000000000000e+04
2.812200000000000000e+04
2.791500000000000000e+04
2.790600000000000000e+04
2.787600000000000000e+04
2.807000000000000000e+04
2.801200000000000000e+04
2.699200000000000000e+04
2.750200000000000000e+04
2.737000000000000000e+04
2.745500000000000000e+04
2.731600000000000000e+04
2.784600000000000000e+04
2.749600000000000000e+04
2.766900000000000000e+04
2.755300000000000000e+04
3.047000000000000000e+03
2.705100000000000000e+04
2.722400000000000000e+04
2.702300000000000000e+04
2.713600000000000000e+04
2.773900000000000000e+04
2.787400000000000000e+04
2.705600000000000000e+04
2.701000000000000000e+04
2.789800000000000000e+04
2.746500000000000000e+04
2.704800000000000000e+04
2.784400000000000000e+04
2.814900000000000000e+04
2.750300000000000000e+04
3.100000000000000000e+03
2.769100000000000000e+04
2.765500000000000000e+04
2.696800000000000000e+04
2.733000000000000000e+04
2.761400000000000000e+04
2.749000000000000000e+04
2.777800000000000000e+04
2.794700000000000000e+04
2.746400000000000000e+04
2.768300000000000000e+04
2.787700000000000000e+04
2.704000000000000000e+04
2.751800000000000000e+04
2.787900000000000000e+04
2.750100000000000000e+04
2.753200000000000000e+04
3.085000000000000000e+03
2.754900000000000000e+04
2.729800000000000000e+04
2.766000000000000000e+04
2.712600000000000000e+04
2.791600000000000000e+04
2.697800000000000000e+04
2.739000000000000000e+04
2.719700000000000000e+04
2.796100000000000000e+04
2.755200000000000000e+04
2.785600000000000000e+04
2.798100000000000000e+04
2.765800000000000000e+04
2.743500000000000000e+04
2.807700000000000000e+04
2.782700000000000000e+04
2.729500000000000000e+04
2.736600000000000000e+04
2.732300000000000000e+04
3.101000000000000000e+03
2.779300000000000000e+04
2.776000000000000000e+04
3.103000000000000000e+03
2.767100000000000000e+04
2.809700000000000000e+04
2.773400000000000000e+04
2.783700000000000000e+04
2.720700000000000000e+04
2.754600000000000000e+04
2.711300000000000000e+04
2.764100000000000000e+04
2.721400000000000000e+04
2.698000000000000000e+04
2.717500000000000000e+04
2.750500000000000000e+04
2.808500000000000000e+04
2.811200000000000000e+04
2.798300000000000000e+04
2.738500000000000000e+04
2.747600000000000000e+04
2.738400000000000000e+04
3.073000000000000000e+03
2.768600000000000000e+04
2.799800000000000000e+04
2.781400000000000000e+04
2.804900000000000000e+04
2.727500000000000000e+04
3.106000000000000000e+03
2.812300000000000000e+04
2.735100000000000000e+04
2.783400000000000000e+04
2.798400000000000000e+04
2.709800000000000000e+04
3.102000000000000000e+03
3.112000000000000000e+03
2.806400000000000000e+04
2.727000000000000000e+04
2.732400000000000000e+04
2.703800000000000000e+04
2.768800000000000000e+04
2.710300000000000000e+04
3.009000000000000000e+03
2.810700000000000000e+04
3.017000000000000000e+03
2.760500000000000000e+04
2.702800000000000000e+04
2.714300000000000000e+04
3.136000000000000000e+03
2.811500000000000000e+04
2.813600000000000000e+04
2.777700000000000000e+04
2.742800000000000000e+04
2.731400000000000000e+04
2.809300000000000000e+04
2.786100000000000000e+04
2.812600000000000000e+04
2.701500000000000000e+04
2.751200000000000000e+04
2.736100000000000000e+04
2.740400000000000000e+04
2.793500000000000000e+04
2.781200000000000000e+04
2.764400000000000000e+04
2.751400000000000000e+04
2.722200000000000000e+04
2.804400000000000000e+04
2.762200000000000000e+04
2.735000000000000000e+04
2.814000000000000000e+04
2.733200000000000000e+04
3.045000000000000000e+03
2.706500000000000000e+04
2.700500000000000000e+04
2.797800000000000000e+04
2.799000000000000000e+04
2.736300000000000000e+04
2.816800000000000000e+04
2.794100000000000000e+04
2.814300000000000000e+04
2.733700000000000000e+04
2.715300000000000000e+04
2.783200000000000000e+04
2.730100000000000000e+04
3.099000000000000000e+03
2.699400000000000000e+04
2.761800000000000000e+04
2.771100000000000000e+04
2.714500000000000000e+04
2.728200000000000000e+04
2.697500000000000000e+04
3.142000000000000000e+03
2.713500000000000000e+04
2.698200000000000000e+04
2.697200000000000000e+04
2.706100000000000000e+04
2.711600000000000000e+04
2.723600000000000000e+04
3.021000000000000000e+03
2.708700000000000000e+04
2.791800000000000000e+04
2.808800000000000000e+04
2.811100000000000000e+04
2.817700000000000000e+04
2.801500000000000000e+04
2.709000000000000000e+04
2.733800000000000000e+04
2.737300000000000000e+04
2.773500000000000000e+04
3.129000000000000000e+03
2.698600000000000000e+04
2.710000000000000000e+04
2.816200000000000000e+04
3.144000000000000000e+03
2.762100000000000000e+04
2.715000000000000000e+04
2.765200000000000000e+04
2.794500000000000000e+04
2.810900000000000000e+04
3.126000000000000000e+03
2.809100000000000000e+04
2.796700000000000000e+04
2.755600000000000000e+04
2.748400000000000000e+04
2.792100000000000000e+04
2.813800000000000000e+04
2.772600000000000000e+04
2.748100000000000000e+04
2.757000000000000000e+04
2.791900000000000000e+04
2.806600000000000000e+04
2.723400000000000000e+04
2.728000000000000000e+04
2.758700000000000000e+04
2.715800000000000000e+04
2.709300000000000000e+04
2.789000000000000000e+04
2.774900000000000000e+04
2.740300000000000000e+04
3.018000000000000000e+03
2.741500000000000000e+04
3.105000000000000000e+03
2.718500000000000000e+04
3.089000000000000000e+03
2.793200000000000000e+04
2.783100000000000000e+04
2.763900000000000000e+04
2.766600000000000000e+04
2.790700000000000000e+04
2.786300000000000000e+04
2.807800000000000000e+04
2.800700000000000000e+04
3.132000000000000000e+03
2.800100000000000000e+04
2.792600000000000000e+04
2.721500000000000000e+04
2.777900000000000000e+04
2.721200000000000000e+04
2.734900000000000000e+04
2.774700000000000000e+04
2.797300000000000000e+04
2.757500000000000000e+04
2.723300000000000000e+04
2.742300000000000000e+04
2.699700000000000000e+04
3.134000000000000000e+03
2.759600000000000000e+04
2.805700000000000000e+04
3.111000000000000000e+03
2.817500000000000000e+04
2.700900000000000000e+04
2.758900000000000000e+04
2.761500000000000000e+04
2.713800000000000000e+04
2.757900000000000000e+04
2.798900000000000000e+04
2.718100000000000000e+04
2.718300000000000000e+04
2.741000000000000000e+04
2.809400000000000000e+04
2.798600000000000000e+04
2.704400000000000000e+04
2.728900000000000000e+04
2.738200000000000000e+04
3.110000000000000000e+03
2.801800000000000000e+04
3.070000000000000000e+03
2.707100000000000000e+04
2.788800000000000000e+04
2.778300000000000000e+04
2.705800000000000000e+04
2.776700000000000000e+04
2.705000000000000000e+04
2.774000000000000000e+04
2.805300000000000000e+04
2.771600000000000000e+04
2.761900000000000000e+04
2.706900000000000000e+04
2.716500000000000000e+04
2.778200000000000000e+04
2.726200000000000000e+04
2.736500000000000000e+04
2.704700000000000000e+04
3.140000000000000000e+03
2.714900000000000000e+04
2.812100000000000000e+04
2.736200000000000000e+04
2.807200000000000000e+04
2.777500000000000000e+04
2.773100000000000000e+04
2.739400000000000000e+04
2.792000000000000000e+04
2.791100000000000000e+04
2.702200000000000000e+04
2.734100000000000000e+04
2.751100000000000000e+04
2.746000000000000000e+04
2.710500000000000000e+04
2.797200000000000000e+04
2.782600000000000000e+04
2.702500000000000000e+04
2.742000000000000000e+04
2.712100000000000000e+04
2.796800000000000000e+04
2.817600000000000000e+04
2.720100000000000000e+04
2.739100000000000000e+04
2.803100000000000000e+04
2.760100000000000000e+04
2.750600000000000000e+04
2.731500000000000000e+04
2.783600000000000000e+04
2.733100000000000000e+04
2.762300000000000000e+04
2.798500000000000000e+04
2.737200000000000000e+04
2.777100000000000000e+04
2.741400000000000000e+04
2.760800000000000000e+04
2.807600000000000000e+04
2.764800000000000000e+04
2.797000000000000000e+04
3.114000000000000000e+03
2.786200000000000000e+04
2.700800000000000000e+04
2.713400000000000000e+04
2.747700000000000000e+04
2.720600000000000000e+04
2.707000000000000000e+04
2.758200000000000000e+04
2.697100000000000000e+04
2.696400000000000000e+04
2.726900000000000000e+04
2.724000000000000000e+04
2.776100000000000000e+04
2.721900000000000000e+04
2.811300000000000000e+04
2.760000000000000000e+04
3.051000000000000000e+03
3.024000000000000000e+03
2.772700000000000000e+04
2.704200000000000000e+04
2.807100000000000000e+04
2.701800000000000000e+04
2.776600000000000000e+04
3.086000000000000000e+03
2.782000000000000000e+04
2.771700000000000000e+04
2.709600000000000000e+04
2.713300000000000000e+04
2.760900000000000000e+04
2.733400000000000000e+04
2.725100000000000000e+04
2.703500000000000000e+04
2.785800000000000000e+04
2.771900000000000000e+04
2.784100000000000000e+04
2.777200000000000000e+04
3.124000000000000000e+03
2.706800000000000000e+04
2.756800000000000000e+04
3.076000000000000000e+03
2.776500000000000000e+04
2.803600000000000000e+04
2.737800000000000000e+04
2.701700000000000000e+04
2.817900000000000000e+04
2.798700000000000000e+04
2.796400000000000000e+04
2.795700000000000000e+04
2.810800000000000000e+04
2.725700000000000000e+04
2.698300000000000000e+04
2.765300000000000000e+04
2.712700000000000000e+04
2.763600000000000000e+04
2.698400000000000000e+04
2.749500000000000000e+04
2.729900000000000000e+04
2.761300000000000000e+04
2.702700000000000000e+04
2.759800000000000000e+04
2.745700000000000000e+04
2.704500000000000000e+04
2.764000000000000000e+04
2.741900000000000000e+04
2.774400000000000000e+04
3.069000000000000000e+03
2.779500000000000000e+04
2.761200000000000000e+04
2.777600000000000000e+04
2.786500000000000000e+04
2.768100000000000000e+04
2.794900000000000000e+04
2.738900000000000000e+04
2.757100000000000000e+04
2.741800000000000000e+04
2.710200000000000000e+04
2.746300000000000000e+04
2.699100000000000000e+04
2.804800000000000000e+04
2.702400000000000000e+04
2.802200000000000000e+04
2.800300000000000000e+04
3.091000000000000000e+03
2.735400000000000000e+04
3.056000000000000000e+03
2.773800000000000000e+04
2.793300000000000000e+04
2.813200000000000000e+04
2.710400000000000000e+04
2.758800000000000000e+04
2.794600000000000000e+04
2.809200000000000000e+04
2.701100000000000000e+04
2.702000000000000000e+04
2.697600000000000000e+04
2.753100000000000000e+04
2.817100000000000000e+04
2.752300000000000000e+04
3.117000000000000000e+03
2.714000000000000000e+04
2.721600000000000000e+04
2.770300000000000000e+04
2.710700000000000000e+04
2.717400000000000000e+04
2.735500000000000000e+04
2.773000000000000000e+04
3.096000000000000000e+03
2.772800000000000000e+04
2.746600000000000000e+04
2.802000000000000000e+04
2.752400000000000000e+04
2.743400000000000000e+04
2.751600000000000000e+04
2.744400000000000000e+04
2.716700000000000000e+04
2.723800000000000000e+04
2.742200000000000000e+04
2.706200000000000000e+04
3.050000000000000000e+03
2.728400000000000000e+04
2.784000000000000000e+04
2.739600000000000000e+04
2.735300000000000000e+04
2.749300000000000000e+04
2.755000000000000000e+04
2.756100000000000000e+04
2.696900000000000000e+04
2.754500000000000000e+04
2.763400000000000000e+04
2.795300000000000000e+04
2.737600000000000000e+04
2.796600000000000000e+04
2.757400000000000000e+04
2.771500000000000000e+04
2.739900000000000000e+04
2.766500000000000000e+04
2.753700000000000000e+04
3.118000000000000000e+03
2.802300000000000000e+04
2.764700000000000000e+04
2.782800000000000000e+04
2.774600000000000000e+04
2.745200000000000000e+04
2.756000000000000000e+04
2.711400000000000000e+04
2.806700000000000000e+04
2.791400000000000000e+04
2.727900000000000000e+04
2.734000000000000000e+04
2.738100000000000000e+04
2.789300000000000000e+04
2.800500000000000000e+04
2.699300000000000000e+04
2.768700000000000000e+04
2.770700000000000000e+04
2.772900000000000000e+04
2.759200000000000000e+04
2.712800000000000000e+04
2.752200000000000000e+04
2.792300000000000000e+04
2.777400000000000000e+04
2.701400000000000000e+04
3.081000000000000000e+03
2.728100000000000000e+04
3.060000000000000000e+03
2.772000000000000000e+04
2.711000000000000000e+04
2.816700000000000000e+04
2.756600000000000000e+04
2.753500000000000000e+04
2.788700000000000000e+04
2.709900000000000000e+04
2.747400000000000000e+04
2.743700000000000000e+04
3.097000000000000000e+03
2.799400000000000000e+04
2.747900000000000000e+04
2.769200000000000000e+04
2.811600000000000000e+04
2.735600000000000000e+04
2.751900000000000000e+04
2.771200000000000000e+04
2.781500000000000000e+04
2.740000000000000000e+04
2.774100000000000000e+04
2.732900000000000000e+04
2.742500000000000000e+04
2.752800000000000000e+04
2.785500000000000000e+04
2.801000000000000000e+04
2.789600000000000000e+04
3.143000000000000000e+03
2.749200000000000000e+04
2.698900000000000000e+04
2.772100000000000000e+04
2.763300000000000000e+04
2.774800000000000000e+04
2.776800000000000000e+04
2.726000000000000000e+04
2.716400000000000000e+04
2.709500000000000000e+04
3.013000000000000000e+03
3.067000000000000000e+03
2.808600000000000000e+04
3.032000000000000000e+03
2.736000000000000000e+04
3.087000000000000000e+03
2.780800000000000000e+04
2.757600000000000000e+04
2.726400000000000000e+04
3.040000000000000000e+03
2.733900000000000000e+04
2.724700000000000000e+04
2.780200000000000000e+04
2.802800000000000000e+04
2.720000000000000000e+04
2.726500000000000000e+04
2.739300000000000000e+04
2.748700000000000000e+04
2.730400000000000000e+04
2.811700000000000000e+04
2.701300000000000000e+04
2.722500000000000000e+04
2.808400000000000000e+04
2.812900000000000000e+04
2.708500000000000000e+04
2.730200000000000000e+04
2.809500000000000000e+04
2.785000000000000000e+04
2.714400000000000000e+04
2.715200000000000000e+04
3.027000000000000000e+03
3.038000000000000000e+03
2.743300000000000000e+04
2.754100000000000000e+04
2.696500000000000000e+04
2.798200000000000000e+04
2.762800000000000000e+04
2.800400000000000000e+04
2.720900000000000000e+04
3.058000000000000000e+03
2.758100000000000000e+04
2.728800000000000000e+04
3.048000000000000000e+03
2.731200000000000000e+04
2.717200000000000000e+04
2.754000000000000000e+04
2.714700000000000000e+04
2.756400000000000000e+04
2.715100000000000000e+04
2.815100000000000000e+04
2.755800000000000000e+04
2.727300000000000000e+04
2.769500000000000000e+04
2.804700000000000000e+04
2.804500000000000000e+04
2.757700000000000000e+04
3.077000000000000000e+03
2.699600000000000000e+04
2.772300000000000000e+04
2.737400000000000000e+04
2.748200000000000000e+04
2.749800000000000000e+04
nan
2.735200000000000000e+04
2.760600000000000000e+04
2.739500000000000000e+04
2.813400000000000000e+04
2.731900000000000000e+04
2.793600000000000000e+04
3.090000000000000000e+03
2.751300000000000000e+04
2.750900000000000000e+04
2.764900000000000000e+04
2.770900000000000000e+04
2.769600000000000000e+04
2.775200000000000000e+04
2.800000000000000000e+04
2.699800000000000000e+04
2.807400000000000000e+04
2.725800000000000000e+04
2.775800000000000000e+04
2.743000000000000000e+04
3.135000000000000000e+03
2.732800000000000000e+04
2.759400000000000000e+04
2.726800000000000000e+04
2.794200000000000000e+04
2.708400000000000000e+04
3.119000000000000000e+03
3.109000000000000000e+03
2.762400000000000000e+04
2.730600000000000000e+04
2.718900000000000000e+04
2.791000000000000000e+04
2.816400000000000000e+04
2.704600000000000000e+04
2.780500000000000000e+04
2.793100000000000000e+04
2.716000000000000000e+04
2.746700000000000000e+04
2.808700000000000000e+04
2.706700000000000000e+04
2.750700000000000000e+04
2.753600000000000000e+04
3.116000000000000000e+03
2.785200000000000000e+04
3.092000000000000000e+03
2.740600000000000000e+04
2.752100000000000000e+04
3.022000000000000000e+03
3.074000000000000000e+03
2.731800000000000000e+04
2.788900000000000000e+04
2.814400000000000000e+04
2.775000000000000000e+04
2.756900000000000000e+04
2.746100000000000000e+04
2.786700000000000000e+04
2.730900000000000000e+04
2.722800000000000000e+04
2.764600000000000000e+04
2.770200000000000000e+04
2.764300000000000000e+04
2.804000000000000000e+04
2.802900000000000000e+04
2.720400000000000000e+04
2.716200000000000000e+04
2.740700000000000000e+04
3.028000000000000000e+03
2.725900000000000000e+04
2.702100000000000000e+04
2.721800000000000000e+04
2.776900000000000000e+04
2.716300000000000000e+04
2.782300000000000000e+04
2.740200000000000000e+04
3.023000000000000000e+03
2.740100000000000000e+04
2.757200000000000000e+04
2.813500000000000000e+04
2.775400000000000000e+04
2.698500000000000000e+04
2.781100000000000000e+04
3.011000000000000000e+03
2.761000000000000000e+04
2.789400000000000000e+04
2.764500000000000000e+04
2.708900000000000000e+04
2.813700000000000000e+04
2.786900000000000000e+04
2.815400000000000000e+04
2.766700000000000000e+04
2.816000000000000000e+04
2.703000000000000000e+04
2.765100000000000000e+04
2.711900000000000000e+04
2.745400000000000000e+04
2.770600000000000000e+04
2.752000000000000000e+04
2.767000000000000000e+04
2.814700000000000000e+04
2.714800000000000000e+04
2.799200000000000000e+04
2.793400000000000000e+04
2.708800000000000000e+04
2.703600000000000000e+04
3.120000000000000000e+03
2.709200000000000000e+04
2.767900000000000000e+04
2.753000000000000000e+04
2.777000000000000000e+04
2.806300000000000000e+04
2.796000000000000000e+04
2.812500000000000000e+04
2.722100000000000000e+04
2.788600000000000000e+04
2.760200000000000000e+04
2.740900000000000000e+04
2.717800000000000000e+04
2.718200000000000000e+04
2.755100000000000000e+04
2.791300000000000000e+04
2.734700000000000000e+04
3.026000000000000000e+03
2.758300000000000000e+04
2.713000000000000000e+04
2.799300000000000000e+04
2.728300000000000000e+04
2.751500000000000000e+04
2.723500000000000000e+04
2.709700000000000000e+04
2.719600000000000000e+04
2.775100000000000000e+04
3.095000000000000000e+03
2.713200000000000000e+04
2.797700000000000000e+04
3.141000000000000000e+03
2.718400000000000000e+04
2.746900000000000000e+04
2.795200000000000000e+04
2.795600000000000000e+04
2.817300000000000000e+04
3.125000000000000000e+03
2.795100000000000000e+04
3.016000000000000000e+03
2.780900000000000000e+04
3.037000000000000000e+03
2.775600000000000000e+04
2.788200000000000000e+04
2.811800000000000000e+04
2.729100000000000000e+04
2.797100000000000000e+04
2.787300000000000000e+04
2.799100000000000000e+04
3.012000000000000000e+03
2.715700000000000000e+04
2.802100000000000000e+04
2.780000000000000000e+04
2.767800000000000000e+04
2.753800000000000000e+04
2.768500000000000000e+04
2.715600000000000000e+04
2.781700000000000000e+04
2.759100000000000000e+04
2.726300000000000000e+04
2.779700000000000000e+04
3.041000000000000000e+03
2.797400000000000000e+04
2.711800000000000000e+04
2.738800000000000000e+04
2.730300000000000000e+04
2.701600000000000000e+04
2.815300000000000000e+04
2.792500000000000000e+04
2.710900000000000000e+04
2.763700000000000000e+04
2.739200000000000000e+04
2.710600000000000000e+04
2.744600000000000000e+04
2.748900000000000000e+04
3.080000000000000000e+03
2.806200000000000000e+04
2.732700000000000000e+04
2.704300000000000000e+04
2.719000000000000000e+04
2.812000000000000000e+04
3.057000000000000000e+03
2.803300000000000000e+04
2.707500000000000000e+04
2.767400000000000000e+04
2.803800000000000000e+04
2.729600000000000000e+04
