1.466700000000000000e+04
1.635300000000000000e+04
1.637400000000000000e+04
3.133200000000000000e+04
3.121900000000000000e+04
1.692100000000000000e+04
1.922000000000000000e+03
1.590500000000000000e+04
1.702800000000000000e+04
3.398000000000000000e+03
3.089800000000000000e+04
1.593000000000000000e+04
3.412000000000000000e+03
1.536100000000000000e+04
1.736000000000000000e+03
1.604000000000000000e+04
1.702600000000000000e+04
3.122200000000000000e+04
1.594500000000000000e+04
1.658500000000000000e+04
1.541500000000000000e+04
3.139400000000000000e+04
1.658100000000000000e+04
3.085800000000000000e+04
1.514900000000000000e+04
1.533700000000000000e+04
1.628600000000000000e+04
1.457600000000000000e+04
1.642900000000000000e+04
1.538900000000000000e+04
1.606300000000000000e+04
1.682600000000000000e+04
1.787000000000000000e+03
3.118300000000000000e+04
1.654200000000000000e+04
1.618100000000000000e+04
1.516300000000000000e+04
3.091900000000000000e+04
1.695100000000000000e+04
3.099000000000000000e+04
1.639000000000000000e+04
3.110400000000000000e+04
1.609600000000000000e+04
1.640800000000000000e+04
1.624800000000000000e+04
1.460600000000000000e+04
3.119300000000000000e+04
1.544200000000000000e+04
1.608400000000000000e+04
1.572800000000000000e+04
1.819000000000000000e+03
1.581600000000000000e+04
1.549800000000000000e+04
1.666000000000000000e+04
1.676000000000000000e+04
1.694900000000000000e+04
3.085300000000000000e+04
1.699200000000000000e+04
3.087700000000000000e+04
1.563100000000000000e+04
1.650500000000000000e+04
1.617000000000000000e+04
1.587500000000000000e+04
3.129300000000000000e+04
3.112100000000000000e+04
1.564600000000000000e+04
3.134700000000000000e+04
1.707900000000000000e+04
1.558100000000000000e+04
1.521100000000000000e+04
1.706000000000000000e+04
1.888000000000000000e+03
3.102200000000000000e+04
1.612900000000000000e+04
1.648900000000000000e+04
3.099600000000000000e+04
1.669500000000000000e+04
1.547100000000000000e+04
1.609300000000000000e+04
1.614100000000000000e+04
3.093700000000000000e+04
3.083000000000000000e+04
1.508700000000000000e+04
1.664700000000000000e+04
1.599200000000000000e+04
3.105200000000000000e+04
1.590600000000000000e+04
3.146000000000000000e+04
3.405000000000000000e+03
1.672500000000000000e+04
1.924000000000000000e+03
1.815000000000000000e+03
1.570300000000000000e+04
3.142400000000000000e+04
1.887000000000000000e+03
1.635500000000000000e+04
1.565300000000000000e+04
1.688300000000000000e+04
3.127100000000000000e+04
1.694700000000000000e+04
1.492100000000000000e+04
1.569700000000000000e+04
1.485500000000000000e+04
1.706200000000000000e+04
1.660300000000000000e+04
1.632800000000000000e+04
1.639600000000000000e+04
1.899000000000000000e+03
1.535900000000000000e+04
3.408000000000000000e+03
1.618900000000000000e+04
1.427900000000000000e+04
3.087000000000000000e+04
1.681200000000000000e+04
1.529600000000000000e+04
3.103000000000000000e+04
3.089900000000000000e+04
1.609400000000000000e+04
1.634400000000000000e+04
1.583300000000000000e+04
3.109000000000000000e+04
1.902000000000000000e+03
1.680700000000000000e+04
3.122500000000000000e+04
1.699500000000000000e+04
1.666100000000000000e+04
1.552800000000000000e+04
3.389000000000000000e+03
3.142300000000000000e+04
1.557000000000000000e+04
3.141900000000000000e+04
1.659700000000000000e+04
1.568700000000000000e+04
1.670100000000000000e+04
1.879000000000000000e+03
1.842000000000000000e+03
3.094700000000000000e+04
1.672000000000000000e+04
1.684000000000000000e+04
1.911000000000000000e+03
3.142200000000000000e+04
1.617600000000000000e+04
1.701000000000000000e+04
1.688100000000000000e+04
1.628400000000000000e+04
1.665800000000000000e+04
3.120700000000000000e+04
3.107400000000000000e+04
1.498600000000000000e+04
3.144300000000000000e+04
1.666300000000000000e+04
1.571200000000000000e+04
1.629800000000000000e+04
1.583400000000000000e+04
3.136300000000000000e+04
1.565900000000000000e+04
1.702400000000000000e+04
3.089000000000000000e+04
3.130700000000000000e+04
1.623200000000000000e+04
1.718700000000000000e+04
1.456500000000000000e+04
1.642300000000000000e+04
1.598100000000000000e+04
3.086100000000000000e+04
1.703800000000000000e+04
1.585200000000000000e+04
1.628200000000000000e+04
1.714000000000000000e+04
1.459800000000000000e+04
1.659400000000000000e+04
3.129000000000000000e+04
1.592000000000000000e+04
1.668400000000000000e+04
1.463800000000000000e+04
1.533200000000000000e+04
3.115400000000000000e+04
3.119800000000000000e+04
1.766000000000000000e+03
3.127600000000000000e+04
1.846000000000000000e+03
1.710200000000000000e+04
1.518700000000000000e+04
1.566600000000000000e+04
1.669700000000000000e+04
1.566200000000000000e+04
3.112600000000000000e+04
3.146500000000000000e+04
1.534400000000000000e+04
1.528600000000000000e+04
1.685100000000000000e+04
1.564200000000000000e+04
3.094600000000000000e+04
1.709200000000000000e+04
3.097900000000000000e+04
3.399000000000000000e+03
1.667400000000000000e+04
3.102000000000000000e+04
1.621000000000000000e+04
1.612400000000000000e+04
3.093500000000000000e+04
1.702500000000000000e+04
3.114800000000000000e+04
3.082700000000000000e+04
3.131200000000000000e+04
1.682000000000000000e+04
1.650900000000000000e+04
1.552100000000000000e+04
1.604500000000000000e+04
3.137800000000000000e+04
3.118900000000000000e+04
3.093400000000000000e+04
1.511400000000000000e+04
1.679300000000000000e+04
1.620000000000000000e+04
1.920000000000000000e+03
1.594400000000000000e+04
1.540900000000000000e+04
1.455200000000000000e+04
3.117800000000000000e+04
1.884000000000000000e+03
1.841000000000000000e+03
1.676100000000000000e+04
1.458400000000000000e+04
1.625000000000000000e+04
1.638000000000000000e+04
3.091600000000000000e+04
1.614500000000000000e+04
3.094900000000000000e+04
1.781000000000000000e+03
1.647100000000000000e+04
3.105100000000000000e+04
1.643100000000000000e+04
1.849000000000000000e+03
1.656000000000000000e+04
1.566300000000000000e+04
3.140500000000000000e+04
1.504300000000000000e+04
3.129100000000000000e+04
3.135200000000000000e+04
3.111200000000000000e+04
1.679400000000000000e+04
3.125600000000000000e+04
3.121200000000000000e+04
3.099700000000000000e+04
1.442100000000000000e+04
3.101000000000000000e+04
1.682200000000000000e+04
1.614600000000000000e+04
1.536900000000000000e+04
1.588400000000000000e+04
1.589400000000000000e+04
3.416000000000000000e+03
1.607800000000000000e+04
1.753000000000000000e+03
1.674000000000000000e+04
1.601400000000000000e+04
1.705600000000000000e+04
1.533400000000000000e+04
1.586300000000000000e+04
3.127200000000000000e+04
1.748000000000000000e+03
3.109300000000000000e+04
1.556300000000000000e+04
1.615900000000000000e+04
1.642800000000000000e+04
3.146400000000000000e+04
1.489700000000000000e+04
1.569500000000000000e+04
1.562200000000000000e+04
3.114600000000000000e+04
1.435900000000000000e+04
1.709800000000000000e+04
1.606000000000000000e+04
1.844000000000000000e+03
1.476700000000000000e+04
1.711500000000000000e+04
1.831000000000000000e+03
1.637500000000000000e+04
1.626600000000000000e+04
1.712400000000000000e+04
1.632300000000000000e+04
3.118400000000000000e+04
1.643900000000000000e+04
1.561500000000000000e+04
1.735000000000000000e+03
3.105300000000000000e+04
1.635900000000000000e+04
1.693600000000000000e+04
1.452800000000000000e+04
1.589000000000000000e+04
1.673500000000000000e+04
3.108800000000000000e+04
3.423000000000000000e+03
1.589600000000000000e+04
1.476300000000000000e+04
1.672800000000000000e+04
1.648300000000000000e+04
3.106600000000000000e+04
1.641100000000000000e+04
1.614300000000000000e+04
1.686500000000000000e+04
1.628500000000000000e+04
3.145700000000000000e+04
1.613500000000000000e+04
1.463500000000000000e+04
3.433000000000000000e+03
1.520400000000000000e+04
1.594900000000000000e+04
3.115700000000000000e+04
3.117100000000000000e+04
1.696100000000000000e+04
3.407000000000000000e+03
1.904000000000000000e+03
1.602400000000000000e+04
1.496000000000000000e+04
1.535000000000000000e+04
1.550500000000000000e+04
1.534600000000000000e+04
1.597000000000000000e+04
1.628900000000000000e+04
3.098700000000000000e+04
1.570400000000000000e+04
1.450100000000000000e+04
3.123300000000000000e+04
3.124800000000000000e+04
1.655300000000000000e+04
1.642500000000000000e+04
1.644100000000000000e+04
1.637800000000000000e+04
1.690800000000000000e+04
3.144600000000000000e+04
1.583700000000000000e+04
1.539200000000000000e+04
1.707200000000000000e+04
1.660600000000000000e+04
1.663400000000000000e+04
1.665600000000000000e+04
1.698300000000000000e+04
3.095100000000000000e+04
1.657600000000000000e+04
3.134000000000000000e+04
1.681000000000000000e+04
1.645200000000000000e+04
1.637600000000000000e+04
3.117300000000000000e+04
1.478900000000000000e+04
1.694100000000000000e+04
3.128200000000000000e+04
1.915000000000000000e+03
1.625500000000000000e+04
1.490500000000000000e+04
1.693300000000000000e+04
3.115800000000000000e+04
1.560300000000000000e+04
1.776000000000000000e+03
1.689600000000000000e+04
1.508900000000000000e+04
1.442500000000000000e+04
1.712000000000000000e+04
3.136600000000000000e+04
1.587400000000000000e+04
1.638200000000000000e+04
1.555800000000000000e+04
1.673800000000000000e+04
3.100800000000000000e+04
1.561300000000000000e+04
3.126800000000000000e+04
3.105800000000000000e+04
3.139900000000000000e+04
1.719500000000000000e+04
3.132600000000000000e+04
1.903000000000000000e+03
1.658400000000000000e+04
1.677200000000000000e+04
1.646100000000000000e+04
1.694000000000000000e+04
1.547400000000000000e+04
3.084200000000000000e+04
3.415000000000000000e+03
3.132100000000000000e+04
1.643200000000000000e+04
3.093100000000000000e+04
3.093000000000000000e+04
1.642600000000000000e+04
1.675000000000000000e+04
1.608700000000000000e+04
1.708200000000000000e+04
3.424000000000000000e+03
1.512500000000000000e+04
1.551600000000000000e+04
1.590100000000000000e+04
3.106800000000000000e+04
3.110000000000000000e+04
1.520200000000000000e+04
1.700600000000000000e+04
1.484000000000000000e+04
1.567800000000000000e+04
3.125000000000000000e+04
1.717400000000000000e+04
1.595600000000000000e+04
1.850000000000000000e+03
1.538700000000000000e+04
1.743000000000000000e+03
1.695800000000000000e+04
1.668200000000000000e+04
1.515600000000000000e+04
1.641900000000000000e+04
1.712800000000000000e+04
1.910000000000000000e+03
1.582300000000000000e+04
1.541100000000000000e+04
3.095700000000000000e+04
1.658800000000000000e+04
1.567000000000000000e+04
1.627400000000000000e+04
1.639500000000000000e+04
3.140300000000000000e+04
1.602000000000000000e+04
1.810000000000000000e+03
3.437000000000000000e+03
3.131100000000000000e+04
1.562900000000000000e+04
1.710800000000000000e+04
1.617900000000000000e+04
3.109200000000000000e+04
1.587000000000000000e+04
1.514300000000000000e+04
1.580500000000000000e+04
1.674700000000000000e+04
1.570800000000000000e+04
3.138800000000000000e+04
1.892000000000000000e+03
1.572900000000000000e+04
1.682800000000000000e+04
1.661200000000000000e+04
1.691100000000000000e+04
1.629000000000000000e+04
1.624600000000000000e+04
3.420000000000000000e+03
1.666500000000000000e+04
1.448800000000000000e+04
1.923000000000000000e+03
1.655600000000000000e+04
1.598800000000000000e+04
3.083200000000000000e+04
3.118500000000000000e+04
1.586400000000000000e+04
1.582000000000000000e+04
1.576100000000000000e+04
1.607600000000000000e+04
1.660100000000000000e+04
1.688800000000000000e+04
1.440800000000000000e+04
1.506500000000000000e+04
1.496500000000000000e+04
1.641800000000000000e+04
3.136900000000000000e+04
3.094400000000000000e+04
1.642000000000000000e+04
1.528300000000000000e+04
1.661400000000000000e+04
1.521400000000000000e+04
1.583100000000000000e+04
1.636600000000000000e+04
1.547800000000000000e+04
1.688600000000000000e+04
1.647700000000000000e+04
3.091000000000000000e+04
3.092100000000000000e+04
1.616100000000000000e+04
3.146100000000000000e+04
3.133400000000000000e+04
3.121500000000000000e+04
1.708700000000000000e+04
1.629400000000000000e+04
1.535400000000000000e+04
1.602900000000000000e+04
1.601300000000000000e+04
3.096400000000000000e+04
3.130600000000000000e+04
3.088800000000000000e+04
1.596100000000000000e+04
1.812000000000000000e+03
1.652100000000000000e+04
1.558400000000000000e+04
3.144400000000000000e+04
1.680600000000000000e+04
3.443000000000000000e+03
1.666200000000000000e+04
1.648200000000000000e+04
1.679600000000000000e+04
1.591600000000000000e+04
1.552700000000000000e+04
1.569800000000000000e+04
3.114000000000000000e+04
1.655800000000000000e+04
1.668000000000000000e+04
1.688200000000000000e+04
1.457000000000000000e+04
3.107500000000000000e+04
1.851000000000000000e+03
1.717600000000000000e+04
1.664500000000000000e+04
3.085900000000000000e+04
1.692000000000000000e+04
1.501200000000000000e+04
1.448200000000000000e+04
1.597200000000000000e+04
3.128500000000000000e+04
1.456300000000000000e+04
1.628300000000000000e+04
3.093600000000000000e+04
3.086300000000000000e+04
1.572200000000000000e+04
3.089300000000000000e+04
1.454400000000000000e+04
1.600700000000000000e+04
3.127900000000000000e+04
1.651800000000000000e+04
1.496800000000000000e+04
1.682900000000000000e+04
3.103500000000000000e+04
1.687300000000000000e+04
1.443800000000000000e+04
1.525300000000000000e+04
1.644300000000000000e+04
1.649400000000000000e+04
3.127000000000000000e+04
1.773000000000000000e+03
1.689900000000000000e+04
1.612000000000000000e+04
1.671900000000000000e+04
1.556100000000000000e+04
3.115600000000000000e+04
1.754000000000000000e+03
3.106100000000000000e+04
3.088600000000000000e+04
3.124500000000000000e+04
1.443900000000000000e+04
1.641000000000000000e+04
3.127500000000000000e+04
1.634700000000000000e+04
3.114100000000000000e+04
1.596000000000000000e+04
1.692800000000000000e+04
1.663200000000000000e+04
3.146800000000000000e+04
1.718500000000000000e+04
1.644800000000000000e+04
3.123000000000000000e+04
3.107800000000000000e+04
1.661000000000000000e+04
1.523300000000000000e+04
1.705300000000000000e+04
1.613100000000000000e+04
1.798000000000000000e+03
1.826000000000000000e+03
1.906000000000000000e+03
1.455500000000000000e+04
1.585100000000000000e+04
1.870000000000000000e+03
1.541800000000000000e+04
1.675200000000000000e+04
1.710900000000000000e+04
1.601200000000000000e+04
1.651700000000000000e+04
1.539700000000000000e+04
1.695600000000000000e+04
1.593100000000000000e+04
1.697300000000000000e+04
3.113600000000000000e+04
1.448900000000000000e+04
1.719900000000000000e+04
1.700900000000000000e+04
3.394000000000000000e+03
1.718900000000000000e+04
1.486800000000000000e+04
3.135900000000000000e+04
3.135300000000000000e+04
1.663000000000000000e+04
1.570900000000000000e+04
1.589500000000000000e+04
1.585700000000000000e+04
1.668100000000000000e+04
1.550300000000000000e+04
1.666700000000000000e+04
1.695900000000000000e+04
1.885000000000000000e+03
1.474800000000000000e+04
1.665700000000000000e+04
1.661300000000000000e+04
3.134100000000000000e+04
3.396000000000000000e+03
1.621900000000000000e+04
1.663900000000000000e+04
1.647400000000000000e+04
3.119200000000000000e+04
1.681600000000000000e+04
1.498100000000000000e+04
3.387000000000000000e+03
3.090800000000000000e+04
1.595800000000000000e+04
1.705200000000000000e+04
1.639300000000000000e+04
1.559100000000000000e+04
1.497500000000000000e+04
1.509400000000000000e+04
1.681400000000000000e+04
1.614900000000000000e+04
1.755000000000000000e+03
1.703700000000000000e+04
1.654000000000000000e+04
1.618600000000000000e+04
1.581800000000000000e+04
3.137900000000000000e+04
1.700300000000000000e+04
3.127400000000000000e+04
1.912000000000000000e+03
3.113900000000000000e+04
1.586700000000000000e+04
1.580000000000000000e+04
1.545000000000000000e+04
1.571900000000000000e+04
1.675400000000000000e+04
1.436400000000000000e+04
1.796000000000000000e+03
1.619100000000000000e+04
1.636800000000000000e+04
1.618800000000000000e+04
1.593700000000000000e+04
1.474400000000000000e+04
1.546800000000000000e+04
1.692200000000000000e+04
1.521900000000000000e+04
3.132900000000000000e+04
1.496700000000000000e+04
1.460400000000000000e+04
3.107900000000000000e+04
1.672700000000000000e+04
1.538200000000000000e+04
1.878000000000000000e+03
1.649900000000000000e+04
1.653500000000000000e+04
3.094200000000000000e+04
1.624100000000000000e+04
1.514800000000000000e+04
1.588100000000000000e+04
3.118800000000000000e+04
3.083100000000000000e+04
1.605200000000000000e+04
1.674900000000000000e+04
1.740000000000000000e+03
1.472200000000000000e+04
1.871000000000000000e+03
1.660800000000000000e+04
3.142700000000000000e+04
1.652800000000000000e+04
1.705400000000000000e+04
1.710400000000000000e+04
1.461200000000000000e+04
1.696000000000000000e+04
3.097000000000000000e+04
1.633700000000000000e+04
1.571700000000000000e+04
1.684200000000000000e+04
1.528200000000000000e+04
3.097300000000000000e+04
1.637300000000000000e+04
1.700200000000000000e+04
3.145600000000000000e+04
1.633500000000000000e+04
3.429000000000000000e+03
3.084700000000000000e+04
1.701400000000000000e+04
3.142500000000000000e+04
1.469600000000000000e+04
1.630000000000000000e+04
1.678600000000000000e+04
3.090500000000000000e+04
1.691700000000000000e+04
1.551400000000000000e+04
1.707800000000000000e+04
1.531800000000000000e+04
1.471300000000000000e+04
3.117700000000000000e+04
1.562800000000000000e+04
3.105000000000000000e+04
1.589700000000000000e+04
3.121000000000000000e+04
1.799000000000000000e+03
1.663600000000000000e+04
1.441100000000000000e+04
1.597800000000000000e+04
1.583500000000000000e+04
1.575600000000000000e+04
1.853000000000000000e+03
1.805000000000000000e+03
1.694800000000000000e+04
1.609100000000000000e+04
1.497400000000000000e+04
1.686200000000000000e+04
1.579700000000000000e+04
1.691600000000000000e+04
1.785000000000000000e+03
1.620600000000000000e+04
3.083900000000000000e+04
1.493700000000000000e+04
3.130200000000000000e+04
1.543700000000000000e+04
1.541700000000000000e+04
1.701600000000000000e+04
1.524100000000000000e+04
1.554000000000000000e+04
3.125900000000000000e+04
1.594700000000000000e+04
3.120300000000000000e+04
1.642400000000000000e+04
3.131400000000000000e+04
3.103800000000000000e+04
3.124000000000000000e+04
1.591700000000000000e+04
1.592300000000000000e+04
3.105700000000000000e+04
3.104100000000000000e+04
1.539900000000000000e+04
1.622600000000000000e+04
3.102100000000000000e+04
1.866000000000000000e+03
1.491600000000000000e+04
1.628800000000000000e+04
1.491900000000000000e+04
1.564500000000000000e+04
1.693000000000000000e+04
1.638500000000000000e+04
1.544700000000000000e+04
1.687600000000000000e+04
1.606900000000000000e+04
1.522600000000000000e+04
3.136800000000000000e+04
3.108400000000000000e+04
1.520300000000000000e+04
1.602600000000000000e+04
3.414000000000000000e+03
1.675900000000000000e+04
1.669100000000000000e+04
1.527000000000000000e+04
1.635000000000000000e+04
1.543500000000000000e+04
3.103900000000000000e+04
1.523400000000000000e+04
1.659000000000000000e+04
1.808000000000000000e+03
1.716200000000000000e+04
1.497200000000000000e+04
1.554500000000000000e+04
3.115500000000000000e+04
1.631000000000000000e+04
3.135800000000000000e+04
1.478200000000000000e+04
3.126200000000000000e+04
3.442000000000000000e+03
1.522300000000000000e+04
1.578800000000000000e+04
3.128400000000000000e+04
1.613300000000000000e+04
1.678200000000000000e+04
1.708000000000000000e+04
1.759000000000000000e+03
1.699300000000000000e+04
3.099500000000000000e+04
1.449900000000000000e+04
1.621300000000000000e+04
1.445800000000000000e+04
3.103700000000000000e+04
1.637700000000000000e+04
1.486700000000000000e+04
1.644600000000000000e+04
1.603400000000000000e+04
1.770000000000000000e+03
1.802000000000000000e+03
1.645100000000000000e+04
1.538000000000000000e+04
1.598400000000000000e+04
1.592500000000000000e+04
3.111500000000000000e+04
1.690600000000000000e+04
1.530700000000000000e+04
1.557500000000000000e+04
1.574600000000000000e+04
3.124900000000000000e+04
1.538500000000000000e+04
1.632500000000000000e+04
3.092500000000000000e+04
1.742000000000000000e+03
1.692700000000000000e+04
3.103400000000000000e+04
1.696300000000000000e+04
3.136100000000000000e+04
3.109400000000000000e+04
3.084500000000000000e+04
1.662700000000000000e+04
3.395000000000000000e+03
1.713900000000000000e+04
1.466800000000000000e+04
3.135600000000000000e+04
1.716700000000000000e+04
1.877000000000000000e+03
3.121800000000000000e+04
3.102500000000000000e+04
1.480200000000000000e+04
1.651000000000000000e+04
1.565700000000000000e+04
1.577000000000000000e+04
1.458600000000000000e+04
3.111300000000000000e+04
1.704700000000000000e+04
1.706600000000000000e+04
1.655500000000000000e+04
3.100400000000000000e+04
3.421000000000000000e+03
3.120000000000000000e+04
1.624200000000000000e+04
1.473900000000000000e+04
1.615300000000000000e+04
1.581900000000000000e+04
1.823000000000000000e+03
3.434000000000000000e+03
1.595700000000000000e+04
3.140100000000000000e+04
1.708300000000000000e+04
3.127300000000000000e+04
3.430000000000000000e+03
1.694600000000000000e+04
1.601000000000000000e+04
1.576600000000000000e+04
1.683800000000000000e+04
1.531600000000000000e+04
1.701500000000000000e+04
1.568600000000000000e+04
1.713100000000000000e+04
1.636500000000000000e+04
1.596300000000000000e+04
3.116900000000000000e+04
1.667200000000000000e+04
1.835000000000000000e+03
1.502200000000000000e+04
1.691500000000000000e+04
1.474600000000000000e+04
1.511800000000000000e+04
1.838000000000000000e+03
1.616700000000000000e+04
1.632100000000000000e+04
1.455100000000000000e+04
1.593500000000000000e+04
1.623300000000000000e+04
1.606400000000000000e+04
1.537300000000000000e+04
1.704200000000000000e+04
1.568000000000000000e+04
1.559300000000000000e+04
1.578000000000000000e+04
1.747000000000000000e+03
1.625700000000000000e+04
1.561900000000000000e+04
3.085000000000000000e+04
1.633400000000000000e+04
3.093300000000000000e+04
1.676200000000000000e+04
1.600800000000000000e+04
1.526400000000000000e+04
1.531700000000000000e+04
1.626300000000000000e+04
1.630800000000000000e+04
1.695200000000000000e+04
1.649100000000000000e+04
1.684500000000000000e+04
1.669400000000000000e+04
1.560600000000000000e+04
3.104900000000000000e+04
1.651900000000000000e+04
3.143600000000000000e+04
1.630700000000000000e+04
3.431000000000000000e+03
3.436000000000000000e+03
1.601500000000000000e+04
1.693400000000000000e+04
3.128900000000000000e+04
3.145200000000000000e+04
1.694200000000000000e+04
1.684400000000000000e+04
1.690400000000000000e+04
1.616900000000000000e+04
3.098600000000000000e+04
1.500000000000000000e+04
1.624300000000000000e+04
1.669600000000000000e+04
1.594100000000000000e+04
1.641700000000000000e+04
3.134200000000000000e+04
1.643400000000000000e+04
3.126400000000000000e+04
1.449500000000000000e+04
1.592700000000000000e+04
1.513600000000000000e+04
1.579300000000000000e+04
1.540400000000000000e+04
3.082500000000000000e+04
1.599100000000000000e+04
1.708600000000000000e+04
1.542800000000000000e+04
1.650300000000000000e+04
1.650600000000000000e+04
1.647800000000000000e+04
1.633900000000000000e+04
1.717300000000000000e+04
1.617700000000000000e+04
1.622000000000000000e+04
1.433900000000000000e+04
3.124700000000000000e+04
1.591400000000000000e+04
1.672200000000000000e+04
3.393000000000000000e+03
1.685000000000000000e+04
1.576000000000000000e+04
1.603600000000000000e+04
1.706300000000000000e+04
1.676600000000000000e+04
1.646600000000000000e+04
1.582600000000000000e+04
1.511300000000000000e+04
3.113100000000000000e+04
3.133800000000000000e+04
1.674600000000000000e+04
3.100500000000000000e+04
1.639400000000000000e+04
1.554800000000000000e+04
1.682500000000000000e+04
1.685500000000000000e+04
1.610600000000000000e+04
1.706800000000000000e+04
3.082600000000000000e+04
1.680900000000000000e+04
1.738000000000000000e+03
3.140400000000000000e+04
3.110500000000000000e+04
3.132500000000000000e+04
3.123900000000000000e+04
1.542600000000000000e+04
1.705900000000000000e+04
3.109600000000000000e+04
3.129800000000000000e+04
1.592600000000000000e+04
1.679900000000000000e+04
1.856000000000000000e+03
1.664900000000000000e+04
1.445100000000000000e+04
3.128700000000000000e+04
3.128300000000000000e+04
1.608900000000000000e+04
1.483800000000000000e+04
1.876000000000000000e+03
1.854000000000000000e+03
3.086800000000000000e+04
1.693900000000000000e+04
1.650400000000000000e+04
1.855000000000000000e+03
1.623000000000000000e+04
1.620200000000000000e+04
1.659200000000000000e+04
1.680000000000000000e+04
1.698800000000000000e+04
1.597100000000000000e+04
1.577400000000000000e+04
3.125500000000000000e+04
1.454500000000000000e+04
1.560900000000000000e+04
3.106500000000000000e+04
1.672100000000000000e+04
1.697400000000000000e+04
1.642100000000000000e+04
3.107000000000000000e+04
1.605100000000000000e+04
1.618000000000000000e+04
3.113400000000000000e+04
1.916000000000000000e+03
3.098300000000000000e+04
1.692400000000000000e+04
1.622800000000000000e+04
1.519900000000000000e+04
3.144500000000000000e+04
1.457700000000000000e+04
1.566900000000000000e+04
3.386000000000000000e+03
1.469200000000000000e+04
1.558300000000000000e+04
1.544800000000000000e+04
1.550700000000000000e+04
1.709500000000000000e+04
1.611400000000000000e+04
3.097200000000000000e+04
1.894000000000000000e+03
3.092000000000000000e+04
1.677800000000000000e+04
3.108600000000000000e+04
1.505900000000000000e+04
3.129200000000000000e+04
1.668800000000000000e+04
1.843000000000000000e+03
1.593800000000000000e+04
1.689800000000000000e+04
3.122400000000000000e+04
3.121700000000000000e+04
1.667800000000000000e+04
1.719000000000000000e+04
1.471600000000000000e+04
1.451600000000000000e+04
1.669800000000000000e+04
1.659300000000000000e+04
3.128100000000000000e+04
3.146300000000000000e+04
1.631500000000000000e+04
1.670600000000000000e+04
3.088500000000000000e+04
1.698400000000000000e+04
1.715400000000000000e+04
3.101300000000000000e+04
1.645300000000000000e+04
1.830000000000000000e+03
1.676700000000000000e+04
1.682100000000000000e+04
1.667600000000000000e+04
3.101800000000000000e+04
1.681900000000000000e+04
1.514700000000000000e+04
1.553700000000000000e+04
1.604300000000000000e+04
1.746000000000000000e+03
3.115200000000000000e+04
1.645900000000000000e+04
1.441000000000000000e+04
1.681700000000000000e+04
1.676500000000000000e+04
1.611800000000000000e+04
1.509600000000000000e+04
1.593600000000000000e+04
3.138100000000000000e+04
3.083300000000000000e+04
3.135000000000000000e+04
3.086500000000000000e+04
1.567700000000000000e+04
1.536700000000000000e+04
3.141500000000000000e+04
1.710300000000000000e+04
1.684900000000000000e+04
3.096800000000000000e+04
1.685700000000000000e+04
1.591300000000000000e+04
3.087300000000000000e+04
1.458800000000000000e+04
1.623400000000000000e+04
3.094100000000000000e+04
1.507800000000000000e+04
3.401000000000000000e+03
1.531300000000000000e+04
1.546200000000000000e+04
1.654500000000000000e+04
1.608500000000000000e+04
1.729000000000000000e+03
3.400000000000000000e+03
1.531400000000000000e+04
1.647600000000000000e+04
3.135700000000000000e+04
1.500800000000000000e+04
1.503600000000000000e+04
3.097100000000000000e+04
1.683200000000000000e+04
3.088400000000000000e+04
1.622700000000000000e+04
1.492200000000000000e+04
1.689000000000000000e+04
1.662300000000000000e+04
1.653200000000000000e+04
1.734000000000000000e+03
1.683000000000000000e+04
1.561700000000000000e+04
3.100900000000000000e+04
3.428000000000000000e+03
1.667700000000000000e+04
1.592800000000000000e+04
3.135100000000000000e+04
1.624400000000000000e+04
1.494400000000000000e+04
3.089700000000000000e+04
1.442600000000000000e+04
1.650700000000000000e+04
1.580100000000000000e+04
1.575300000000000000e+04
1.597500000000000000e+04
1.699700000000000000e+04
3.121300000000000000e+04
1.730000000000000000e+03
1.637000000000000000e+04
1.588000000000000000e+04
3.125200000000000000e+04
3.139700000000000000e+04
3.089200000000000000e+04
1.775000000000000000e+03
1.607100000000000000e+04
1.697600000000000000e+04
1.627300000000000000e+04
3.130300000000000000e+04
1.607300000000000000e+04
3.107600000000000000e+04
1.574500000000000000e+04
1.648700000000000000e+04
1.874000000000000000e+03
1.719600000000000000e+04
1.482900000000000000e+04
1.555400000000000000e+04
1.677900000000000000e+04
1.919000000000000000e+03
1.635600000000000000e+04
1.646500000000000000e+04
1.655700000000000000e+04
3.119400000000000000e+04
3.100300000000000000e+04
1.624000000000000000e+04
3.104200000000000000e+04
3.102600000000000000e+04
1.811000000000000000e+03
3.134500000000000000e+04
3.123400000000000000e+04
1.545500000000000000e+04
1.614700000000000000e+04
1.464700000000000000e+04
1.631700000000000000e+04
1.524200000000000000e+04
1.869000000000000000e+03
1.718800000000000000e+04
1.482100000000000000e+04
1.834000000000000000e+03
3.126300000000000000e+04
1.623700000000000000e+04
3.082300000000000000e+04
1.576900000000000000e+04
1.450400000000000000e+04
1.609800000000000000e+04
1.496100000000000000e+04
1.645600000000000000e+04
1.450000000000000000e+04
1.684700000000000000e+04
1.599300000000000000e+04
1.751000000000000000e+03
3.091500000000000000e+04
1.573900000000000000e+04
1.626100000000000000e+04
1.883000000000000000e+03
1.606200000000000000e+04
1.473200000000000000e+04
1.909000000000000000e+03
3.094800000000000000e+04
1.588700000000000000e+04
1.821000000000000000e+03
1.487000000000000000e+04
1.501300000000000000e+04
1.718300000000000000e+04
1.680300000000000000e+04
1.666600000000000000e+04
1.626900000000000000e+04
1.616500000000000000e+04
1.662600000000000000e+04
1.701800000000000000e+04
1.529100000000000000e+04
3.111100000000000000e+04
1.696500000000000000e+04
1.839000000000000000e+03
1.710500000000000000e+04
1.506200000000000000e+04
1.814000000000000000e+03
1.602100000000000000e+04
1.550200000000000000e+04
1.574900000000000000e+04
1.716000000000000000e+04
1.611000000000000000e+04
1.491500000000000000e+04
1.803000000000000000e+03
1.576500000000000000e+04
3.141600000000000000e+04
1.560500000000000000e+04
3.114200000000000000e+04
1.816000000000000000e+03
3.139800000000000000e+04
1.683600000000000000e+04
1.649500000000000000e+04
1.832000000000000000e+03
3.096100000000000000e+04
1.539400000000000000e+04
3.125700000000000000e+04
3.140200000000000000e+04
1.572400000000000000e+04
1.671800000000000000e+04
1.591000000000000000e+04
1.635100000000000000e+04
1.440500000000000000e+04
3.085600000000000000e+04
3.119700000000000000e+04
1.586000000000000000e+04
3.133100000000000000e+04
1.494200000000000000e+04
1.698200000000000000e+04
3.142900000000000000e+04
1.635400000000000000e+04
1.559500000000000000e+04
1.706400000000000000e+04
3.114400000000000000e+04
1.621100000000000000e+04
1.462800000000000000e+04
3.113300000000000000e+04
1.732000000000000000e+03
1.597600000000000000e+04
1.505500000000000000e+04
3.145300000000000000e+04
1.633800000000000000e+04
3.082900000000000000e+04
1.656100000000000000e+04
1.586100000000000000e+04
1.717000000000000000e+04
1.582900000000000000e+04
1.610900000000000000e+04
1.603900000000000000e+04
1.818000000000000000e+03
1.484100000000000000e+04
1.629700000000000000e+04
1.522800000000000000e+04
1.618700000000000000e+04
1.534000000000000000e+04
3.110900000000000000e+04
1.455000000000000000e+04
1.593200000000000000e+04
3.087800000000000000e+04
3.134800000000000000e+04
1.517000000000000000e+04
1.503400000000000000e+04
1.690100000000000000e+04
3.110600000000000000e+04
1.706700000000000000e+04
1.699000000000000000e+04
1.599600000000000000e+04
1.711800000000000000e+04
3.141700000000000000e+04
1.833000000000000000e+03
1.653400000000000000e+04
1.469700000000000000e+04
1.449300000000000000e+04
3.147000000000000000e+04
1.546100000000000000e+04
3.089100000000000000e+04
1.451700000000000000e+04
1.590900000000000000e+04
1.452100000000000000e+04
1.636300000000000000e+04
1.506300000000000000e+04
1.683700000000000000e+04
1.505800000000000000e+04
1.665100000000000000e+04
1.677400000000000000e+04
3.099800000000000000e+04
1.612500000000000000e+04
1.620100000000000000e+04
3.126000000000000000e+04
3.142000000000000000e+04
1.536300000000000000e+04
1.657500000000000000e+04
1.682700000000000000e+04
1.678000000000000000e+04
1.616300000000000000e+04
1.696800000000000000e+04
3.100600000000000000e+04
1.587200000000000000e+04
1.827000000000000000e+03
1.509200000000000000e+04
3.118700000000000000e+04
1.662100000000000000e+04
1.554600000000000000e+04
1.530300000000000000e+04
1.731000000000000000e+03
1.551900000000000000e+04
3.117400000000000000e+04
1.598700000000000000e+04
1.551000000000000000e+04
1.700700000000000000e+04
1.535300000000000000e+04
1.662800000000000000e+04
1.653600000000000000e+04
1.553100000000000000e+04
3.136200000000000000e+04
1.848000000000000000e+03
3.120500000000000000e+04
1.478300000000000000e+04
3.108000000000000000e+04
3.088700000000000000e+04
1.681300000000000000e+04
1.511200000000000000e+04
1.580800000000000000e+04
1.594200000000000000e+04
1.569400000000000000e+04
1.529300000000000000e+04
1.587600000000000000e+04
1.487100000000000000e+04
1.649800000000000000e+04
3.121100000000000000e+04
1.656500000000000000e+04
1.522100000000000000e+04
1.447800000000000000e+04
1.464000000000000000e+04
1.647200000000000000e+04
1.507000000000000000e+04
1.699900000000000000e+04
1.762000000000000000e+03
3.113000000000000000e+04
3.413000000000000000e+03
1.664000000000000000e+04
1.652200000000000000e+04
1.632700000000000000e+04
3.110100000000000000e+04
1.836000000000000000e+03
1.772000000000000000e+03
1.671000000000000000e+04
1.613900000000000000e+04
1.502000000000000000e+04
1.532900000000000000e+04
3.124300000000000000e+04
1.622100000000000000e+04
1.452200000000000000e+04
1.460100000000000000e+04
1.606600000000000000e+04
1.649200000000000000e+04
1.668500000000000000e+04
1.494800000000000000e+04
3.128000000000000000e+04
1.555500000000000000e+04
1.484700000000000000e+04
1.809000000000000000e+03
1.500200000000000000e+04
1.619200000000000000e+04
1.719300000000000000e+04
1.719800000000000000e+04
1.506800000000000000e+04
1.665500000000000000e+04
1.605700000000000000e+04
1.657400000000000000e+04
1.595900000000000000e+04
3.098800000000000000e+04
1.615500000000000000e+04
1.801000000000000000e+03
1.505100000000000000e+04
1.632900000000000000e+04
1.477600000000000000e+04
3.101700000000000000e+04
3.145800000000000000e+04
3.120100000000000000e+04
1.595500000000000000e+04
3.139300000000000000e+04
3.100700000000000000e+04
1.638400000000000000e+04
3.131500000000000000e+04
1.713300000000000000e+04
1.882000000000000000e+03
3.104800000000000000e+04
1.698100000000000000e+04
1.694400000000000000e+04
1.481100000000000000e+04
3.139200000000000000e+04
1.626000000000000000e+04
3.140700000000000000e+04
1.686900000000000000e+04
1.587700000000000000e+04
1.622400000000000000e+04
1.691900000000000000e+04
1.528700000000000000e+04
3.432000000000000000e+03
3.096700000000000000e+04
1.616400000000000000e+04
1.645000000000000000e+04
1.462000000000000000e+04
1.574300000000000000e+04
3.117500000000000000e+04
3.438000000000000000e+03
1.559700000000000000e+04
3.125800000000000000e+04
1.703100000000000000e+04
1.667900000000000000e+04
1.615100000000000000e+04
1.540000000000000000e+04
3.123100000000000000e+04
1.659600000000000000e+04
1.581400000000000000e+04
1.777000000000000000e+03
3.116200000000000000e+04
1.707300000000000000e+04
3.114500000000000000e+04
1.529000000000000000e+04
1.487800000000000000e+04
1.693200000000000000e+04
1.627200000000000000e+04
1.583800000000000000e+04
1.630100000000000000e+04
1.517300000000000000e+04
1.565200000000000000e+04
1.674400000000000000e+04
1.638900000000000000e+04
1.632400000000000000e+04
1.572500000000000000e+04
3.145400000000000000e+04
1.518900000000000000e+04
3.116300000000000000e+04
1.702900000000000000e+04
1.592900000000000000e+04
1.539500000000000000e+04
1.563900000000000000e+04
3.111700000000000000e+04
1.603200000000000000e+04
1.764000000000000000e+03
1.474700000000000000e+04
1.499600000000000000e+04
1.524300000000000000e+04
1.898000000000000000e+03
1.605600000000000000e+04
1.671400000000000000e+04
3.143000000000000000e+04
1.572000000000000000e+04
1.667100000000000000e+04
3.146200000000000000e+04
3.116100000000000000e+04
1.739000000000000000e+03
1.690900000000000000e+04
1.662500000000000000e+04
1.684300000000000000e+04
1.523600000000000000e+04
1.663700000000000000e+04
3.096300000000000000e+04
1.582200000000000000e+04
3.086600000000000000e+04
1.639900000000000000e+04
1.620300000000000000e+04
1.670300000000000000e+04
3.113800000000000000e+04
3.144200000000000000e+04
1.539600000000000000e+04
1.534700000000000000e+04
3.422000000000000000e+03
1.473000000000000000e+04
1.506100000000000000e+04
3.410000000000000000e+03
1.552400000000000000e+04
1.472400000000000000e+04
3.115300000000000000e+04
3.131900000000000000e+04
1.603800000000000000e+04
1.592400000000000000e+04
1.512300000000000000e+04
1.687400000000000000e+04
3.102900000000000000e+04
3.093800000000000000e+04
1.656300000000000000e+04
1.462400000000000000e+04
3.115100000000000000e+04
1.636400000000000000e+04
3.124400000000000000e+04
1.788000000000000000e+03
1.640700000000000000e+04
1.507600000000000000e+04
1.601900000000000000e+04
1.518600000000000000e+04
1.436800000000000000e+04
1.453900000000000000e+04
1.683900000000000000e+04
1.686600000000000000e+04
3.134600000000000000e+04
1.596900000000000000e+04
1.538800000000000000e+04
1.473600000000000000e+04
1.455300000000000000e+04
1.664400000000000000e+04
1.691000000000000000e+04
1.533300000000000000e+04
1.671500000000000000e+04
3.116000000000000000e+04
1.550900000000000000e+04
1.495400000000000000e+04
1.709700000000000000e+04
1.609900000000000000e+04
1.683300000000000000e+04
1.708800000000000000e+04
1.712500000000000000e+04
1.659900000000000000e+04
1.703600000000000000e+04
1.711200000000000000e+04
3.138500000000000000e+04
1.622900000000000000e+04
1.603000000000000000e+04
3.109700000000000000e+04
1.640600000000000000e+04
1.647300000000000000e+04
1.890000000000000000e+03
3.130400000000000000e+04
1.591100000000000000e+04
1.865000000000000000e+03
1.503500000000000000e+04
3.089400000000000000e+04
1.579400000000000000e+04
1.495900000000000000e+04
3.144800000000000000e+04
1.540700000000000000e+04
1.545400000000000000e+04
1.669000000000000000e+04
1.451500000000000000e+04
1.456200000000000000e+04
1.602200000000000000e+04
3.098100000000000000e+04
3.111400000000000000e+04
1.654600000000000000e+04
1.435300000000000000e+04
1.660500000000000000e+04
1.679000000000000000e+04
1.561800000000000000e+04
1.639700000000000000e+04
1.651400000000000000e+04
3.137000000000000000e+04
1.585800000000000000e+04
3.104000000000000000e+04
1.441900000000000000e+04
3.105500000000000000e+04
1.489000000000000000e+04
1.686000000000000000e+04
1.518100000000000000e+04
1.578200000000000000e+04
1.907000000000000000e+03
3.101100000000000000e+04
1.698500000000000000e+04
1.623500000000000000e+04
1.516700000000000000e+04
1.663500000000000000e+04
1.613700000000000000e+04
3.388000000000000000e+03
1.886000000000000000e+03
1.637100000000000000e+04
1.685200000000000000e+04
1.433700000000000000e+04
1.837000000000000000e+03
3.087900000000000000e+04
1.622300000000000000e+04
3.143700000000000000e+04
3.097500000000000000e+04
1.676300000000000000e+04
1.611500000000000000e+04
1.585400000000000000e+04
3.391000000000000000e+03
1.761000000000000000e+03
1.568200000000000000e+04
3.085500000000000000e+04
1.656400000000000000e+04
1.619000000000000000e+04
3.099400000000000000e+04
3.084800000000000000e+04
1.824000000000000000e+03
3.086000000000000000e+04
1.602300000000000000e+04
1.760000000000000000e+03
1.716800000000000000e+04
1.523100000000000000e+04
1.901000000000000000e+03
1.528800000000000000e+04
1.600400000000000000e+04
1.469900000000000000e+04
3.128600000000000000e+04
1.552900000000000000e+04
1.577100000000000000e+04
3.110800000000000000e+04
1.750000000000000000e+03
1.664300000000000000e+04
1.783000000000000000e+03
1.651500000000000000e+04
3.100100000000000000e+04
1.608600000000000000e+04
3.138300000000000000e+04
1.702200000000000000e+04
1.602500000000000000e+04
1.634600000000000000e+04
1.590000000000000000e+04
1.693100000000000000e+04
3.126900000000000000e+04
3.087600000000000000e+04
1.857000000000000000e+03
3.091300000000000000e+04
1.568100000000000000e+04
1.558900000000000000e+04
1.437500000000000000e+04
1.524800000000000000e+04
3.129700000000000000e+04
1.434300000000000000e+04
1.674500000000000000e+04
1.704800000000000000e+04
1.640400000000000000e+04
3.143200000000000000e+04
3.145000000000000000e+04
1.604600000000000000e+04
1.561000000000000000e+04
1.671200000000000000e+04
3.090900000000000000e+04
1.537700000000000000e+04
1.589800000000000000e+04
3.122100000000000000e+04
3.111800000000000000e+04
1.893000000000000000e+03
1.440100000000000000e+04
1.685400000000000000e+04
1.639200000000000000e+04
1.481700000000000000e+04
3.130800000000000000e+04
1.676800000000000000e+04
1.604400000000000000e+04
1.699600000000000000e+04
3.141300000000000000e+04
1.615800000000000000e+04
3.111900000000000000e+04
3.098200000000000000e+04
1.504100000000000000e+04
1.687200000000000000e+04
1.517200000000000000e+04
3.119900000000000000e+04
3.109800000000000000e+04
1.664800000000000000e+04
3.142100000000000000e+04
3.110200000000000000e+04
1.621400000000000000e+04
3.112400000000000000e+04
1.556800000000000000e+04
1.666900000000000000e+04
1.574700000000000000e+04
3.092900000000000000e+04
3.095300000000000000e+04
1.745000000000000000e+03
1.646300000000000000e+04
3.106000000000000000e+04
1.765000000000000000e+03
1.497600000000000000e+04
3.089500000000000000e+04
1.820000000000000000e+03
3.115900000000000000e+04
1.828000000000000000e+03
3.083500000000000000e+04
3.136000000000000000e+04
1.806000000000000000e+03
1.591200000000000000e+04
3.145900000000000000e+04
3.142800000000000000e+04
3.439000000000000000e+03
1.896000000000000000e+03
3.441000000000000000e+03
1.655000000000000000e+04
1.673400000000000000e+04
1.706900000000000000e+04
1.571100000000000000e+04
1.610000000000000000e+04
1.614000000000000000e+04
1.631900000000000000e+04
1.917000000000000000e+03
1.565500000000000000e+04
1.562300000000000000e+04
1.467100000000000000e+04
1.684800000000000000e+04
1.519400000000000000e+04
1.484600000000000000e+04
1.565000000000000000e+04
1.685300000000000000e+04
1.607000000000000000e+04
1.626200000000000000e+04
1.638100000000000000e+04
1.610700000000000000e+04
1.688500000000000000e+04
1.563400000000000000e+04
1.689100000000000000e+04
3.099200000000000000e+04
1.566800000000000000e+04
1.511100000000000000e+04
3.099100000000000000e+04
1.584300000000000000e+04
1.662400000000000000e+04
1.481200000000000000e+04
1.613400000000000000e+04
3.121400000000000000e+04
1.449200000000000000e+04
3.392000000000000000e+03
1.695300000000000000e+04
3.403000000000000000e+03
3.132000000000000000e+04
1.583000000000000000e+04
1.793000000000000000e+03
1.657900000000000000e+04
3.096200000000000000e+04
1.675800000000000000e+04
1.447600000000000000e+04
1.569000000000000000e+04
1.698700000000000000e+04
1.525400000000000000e+04
3.103300000000000000e+04
1.486100000000000000e+04
1.891000000000000000e+03
1.511600000000000000e+04
1.719200000000000000e+04
1.591500000000000000e+04
1.467500000000000000e+04
3.103100000000000000e+04
3.090400000000000000e+04
1.605400000000000000e+04
1.679500000000000000e+04
1.668700000000000000e+04
1.632000000000000000e+04
1.623800000000000000e+04
1.520500000000000000e+04
1.624500000000000000e+04
1.558200000000000000e+04
1.492900000000000000e+04
1.648100000000000000e+04
1.709900000000000000e+04
1.708500000000000000e+04
1.485800000000000000e+04
1.556200000000000000e+04
3.119100000000000000e+04
3.106700000000000000e+04
3.123200000000000000e+04
1.597300000000000000e+04
1.621200000000000000e+04
1.578600000000000000e+04
3.119500000000000000e+04
3.131600000000000000e+04
1.618200000000000000e+04
1.600200000000000000e+04
1.630900000000000000e+04
3.086900000000000000e+04
1.469100000000000000e+04
1.466300000000000000e+04
1.686800000000000000e+04
3.118200000000000000e+04
1.584600000000000000e+04
1.700800000000000000e+04
1.567300000000000000e+04
1.570600000000000000e+04
1.554900000000000000e+04
3.139100000000000000e+04
1.712600000000000000e+04
1.652400000000000000e+04
3.116600000000000000e+04
3.116700000000000000e+04
1.445700000000000000e+04
1.704600000000000000e+04
1.596500000000000000e+04
1.713500000000000000e+04
3.135500000000000000e+04
1.640500000000000000e+04
1.515900000000000000e+04
3.134400000000000000e+04
1.652900000000000000e+04
1.711000000000000000e+04
1.474000000000000000e+04
1.428700000000000000e+04
1.489600000000000000e+04
1.675500000000000000e+04
1.574000000000000000e+04
3.129900000000000000e+04
3.104600000000000000e+04
1.471800000000000000e+04
1.711300000000000000e+04
1.852000000000000000e+03
3.131700000000000000e+04
3.091200000000000000e+04
1.470500000000000000e+04
1.656700000000000000e+04
1.472800000000000000e+04
1.757000000000000000e+03
1.508400000000000000e+04
1.473100000000000000e+04
1.575900000000000000e+04
1.644900000000000000e+04
3.109500000000000000e+04
1.689200000000000000e+04
3.101500000000000000e+04
1.423800000000000000e+04
1.653300000000000000e+04
1.626500000000000000e+04
1.493600000000000000e+04
1.698600000000000000e+04
1.575400000000000000e+04
3.088300000000000000e+04
1.661500000000000000e+04
3.112200000000000000e+04
1.704400000000000000e+04
3.087400000000000000e+04
1.687500000000000000e+04
1.598000000000000000e+04
1.627500000000000000e+04
3.108100000000000000e+04
1.588200000000000000e+04
3.390000000000000000e+03
1.804000000000000000e+03
1.470200000000000000e+04
3.104500000000000000e+04
1.490200000000000000e+04
1.630500000000000000e+04
1.829000000000000000e+03
3.095400000000000000e+04
1.584700000000000000e+04
3.098500000000000000e+04
3.110700000000000000e+04
1.509000000000000000e+04
1.509700000000000000e+04
3.122800000000000000e+04
3.119600000000000000e+04
1.718000000000000000e+04
1.631100000000000000e+04
3.134300000000000000e+04
1.501700000000000000e+04
1.695500000000000000e+04
3.088100000000000000e+04
1.603700000000000000e+04
3.409000000000000000e+03
3.101400000000000000e+04
1.446100000000000000e+04
1.433300000000000000e+04
3.132400000000000000e+04
1.650200000000000000e+04
1.461100000000000000e+04
1.683400000000000000e+04
1.612100000000000000e+04
1.674100000000000000e+04
1.677600000000000000e+04
3.092300000000000000e+04
1.505000000000000000e+04
1.709100000000000000e+04
1.778000000000000000e+03
3.084000000000000000e+04
1.905000000000000000e+03
1.626800000000000000e+04
1.719400000000000000e+04
1.595000000000000000e+04
1.553500000000000000e+04
1.712900000000000000e+04
1.604900000000000000e+04
1.638800000000000000e+04
1.612800000000000000e+04
1.714200000000000000e+04
1.502800000000000000e+04
1.421500000000000000e+04
3.111600000000000000e+04
1.687800000000000000e+04
3.105900000000000000e+04
1.657100000000000000e+04
1.845000000000000000e+03
1.495800000000000000e+04
1.601800000000000000e+04
1.631600000000000000e+04
3.112500000000000000e+04
1.579500000000000000e+04
1.614400000000000000e+04
3.404000000000000000e+03
3.142600000000000000e+04
1.559600000000000000e+04
3.133300000000000000e+04
1.460900000000000000e+04
3.130000000000000000e+04
1.596800000000000000e+04
1.596200000000000000e+04
1.858000000000000000e+03
1.679700000000000000e+04
1.544300000000000000e+04
1.591900000000000000e+04
1.623100000000000000e+04
1.614200000000000000e+04
3.125100000000000000e+04
3.143900000000000000e+04
1.605300000000000000e+04
3.419000000000000000e+03
3.123600000000000000e+04
3.088000000000000000e+04
1.694300000000000000e+04
1.546700000000000000e+04
1.584000000000000000e+04
3.130500000000000000e+04
1.861000000000000000e+03
1.680100000000000000e+04
1.573500000000000000e+04
1.666400000000000000e+04
1.636900000000000000e+04
1.619800000000000000e+04
1.494000000000000000e+04
1.617200000000000000e+04
1.598500000000000000e+04
3.091800000000000000e+04
1.673000000000000000e+04
3.130100000000000000e+04
1.552600000000000000e+04
1.605500000000000000e+04
1.598300000000000000e+04
1.481600000000000000e+04
1.641200000000000000e+04
3.133600000000000000e+04
1.529400000000000000e+04
1.599900000000000000e+04
3.101600000000000000e+04
3.118000000000000000e+04
1.602700000000000000e+04
1.570100000000000000e+04
1.607900000000000000e+04
1.700500000000000000e+04
1.541300000000000000e+04
1.672600000000000000e+04
1.581500000000000000e+04
3.098000000000000000e+04
3.139500000000000000e+04
3.107200000000000000e+04
1.651600000000000000e+04
1.634200000000000000e+04
1.707500000000000000e+04
1.628700000000000000e+04
1.617800000000000000e+04
1.625600000000000000e+04
1.657700000000000000e+04
1.780000000000000000e+03
1.632600000000000000e+04
1.631400000000000000e+04
3.120400000000000000e+04
1.621800000000000000e+04
1.512600000000000000e+04
1.481300000000000000e+04
1.774000000000000000e+03
3.123500000000000000e+04
3.426000000000000000e+03
1.889000000000000000e+03
3.140900000000000000e+04
3.124600000000000000e+04
1.532400000000000000e+04
3.124200000000000000e+04
3.138000000000000000e+04
1.567600000000000000e+04
1.492000000000000000e+04
1.620400000000000000e+04
1.640000000000000000e+04
1.651100000000000000e+04
1.572700000000000000e+04
3.092400000000000000e+04
1.611300000000000000e+04
1.661100000000000000e+04
1.444000000000000000e+04
1.648000000000000000e+04
1.677500000000000000e+04
1.593900000000000000e+04
3.146700000000000000e+04
3.115000000000000000e+04
1.574400000000000000e+04
1.792000000000000000e+03
1.643000000000000000e+04
1.446800000000000000e+04
1.484400000000000000e+04
1.623600000000000000e+04
1.825000000000000000e+03
1.868000000000000000e+03
3.084400000000000000e+04
1.615600000000000000e+04
1.613000000000000000e+04
3.098400000000000000e+04
1.600100000000000000e+04
3.090600000000000000e+04
1.644700000000000000e+04
3.128800000000000000e+04
1.807000000000000000e+03
1.656200000000000000e+04
1.800000000000000000e+03
3.122000000000000000e+04
1.542700000000000000e+04
1.525800000000000000e+04
1.623900000000000000e+04
3.117600000000000000e+04
1.530400000000000000e+04
1.574200000000000000e+04
1.663300000000000000e+04
1.522400000000000000e+04
1.712300000000000000e+04
3.126100000000000000e+04
1.643300000000000000e+04
1.439300000000000000e+04
1.592100000000000000e+04
1.547300000000000000e+04
3.136500000000000000e+04
1.642700000000000000e+04
3.116400000000000000e+04
1.691800000000000000e+04
3.111000000000000000e+04
1.840000000000000000e+03
3.083400000000000000e+04
1.607200000000000000e+04
3.083800000000000000e+04
1.678100000000000000e+04
1.452300000000000000e+04
1.786000000000000000e+03
1.647500000000000000e+04
1.452000000000000000e+04
3.132700000000000000e+04
3.140600000000000000e+04
1.564000000000000000e+04
1.535100000000000000e+04
3.085200000000000000e+04
1.524000000000000000e+04
3.090200000000000000e+04
1.527100000000000000e+04
3.417000000000000000e+03
3.104400000000000000e+04
1.921000000000000000e+03
1.655100000000000000e+04
1.695400000000000000e+04
3.129600000000000000e+04
1.715800000000000000e+04
1.678500000000000000e+04
3.102300000000000000e+04
1.694500000000000000e+04
1.671700000000000000e+04
1.763000000000000000e+03
3.094500000000000000e+04
1.678400000000000000e+04
1.664200000000000000e+04
1.629300000000000000e+04
3.137300000000000000e+04
1.538300000000000000e+04
1.557300000000000000e+04
3.107700000000000000e+04
1.507500000000000000e+04
nan
3.095600000000000000e+04
1.651300000000000000e+04
1.687100000000000000e+04
1.620800000000000000e+04
3.132200000000000000e+04
1.585500000000000000e+04
1.508300000000000000e+04
3.092200000000000000e+04
3.134900000000000000e+04
3.140800000000000000e+04
3.090700000000000000e+04
1.601100000000000000e+04
3.085400000000000000e+04
1.683100000000000000e+04
3.143100000000000000e+04
3.146600000000000000e+04
1.464300000000000000e+04
1.649700000000000000e+04
3.143400000000000000e+04
1.670900000000000000e+04
3.141400000000000000e+04
1.675700000000000000e+04
3.145100000000000000e+04
3.102400000000000000e+04
1.555900000000000000e+04
1.872000000000000000e+03
1.704000000000000000e+04
1.580900000000000000e+04
1.685900000000000000e+04
1.617400000000000000e+04
3.096600000000000000e+04
1.710600000000000000e+04
1.661800000000000000e+04
3.144100000000000000e+04
1.670400000000000000e+04
1.548300000000000000e+04
1.605900000000000000e+04
1.594600000000000000e+04
1.667500000000000000e+04
1.672900000000000000e+04
1.703000000000000000e+04
1.610500000000000000e+04
1.548900000000000000e+04
3.117200000000000000e+04
1.767000000000000000e+03
1.691200000000000000e+04
1.458200000000000000e+04
1.598200000000000000e+04
1.460700000000000000e+04
1.646400000000000000e+04
1.576300000000000000e+04
1.563500000000000000e+04
1.678900000000000000e+04
1.692600000000000000e+04
1.545200000000000000e+04
3.137100000000000000e+04
1.645800000000000000e+04
3.137600000000000000e+04
3.092600000000000000e+04
3.143800000000000000e+04
3.108900000000000000e+04
1.711100000000000000e+04
1.579600000000000000e+04
1.703300000000000000e+04
1.708900000000000000e+04
1.633000000000000000e+04
1.684600000000000000e+04
3.094000000000000000e+04
1.859000000000000000e+03
1.707600000000000000e+04
1.705500000000000000e+04
3.107300000000000000e+04
1.479100000000000000e+04
1.643600000000000000e+04
1.553300000000000000e+04
3.397000000000000000e+03
3.099300000000000000e+04
1.564800000000000000e+04
1.454100000000000000e+04
3.440000000000000000e+03
1.697100000000000000e+04
1.569600000000000000e+04
1.495100000000000000e+04
1.629100000000000000e+04
3.084100000000000000e+04
3.144700000000000000e+04
