4.580000000000000000e+02
2.974500000000000000e+04
1.010000000000000000e+02
2.927200000000000000e+04
2.985000000000000000e+04
6.500000000000000000e+01
2.930000000000000000e+02
4.800000000000000000e+02
2.978500000000000000e+04
4.300000000000000000e+01
2.890000000000000000e+02
2.971400000000000000e+04
3.251000000000000000e+03
2.961800000000000000e+04
2.000000000000000000e+00
1.160000000000000000e+02
2.894000000000000000e+04
2.900700000000000000e+04
2.921700000000000000e+04
2.943600000000000000e+04
2.982100000000000000e+04
3.540000000000000000e+02
2.947700000000000000e+04
3.223000000000000000e+03
3.000000000000000000e+00
2.952700000000000000e+04
2.910500000000000000e+04
7.550000000000000000e+02
2.953500000000000000e+04
2.911100000000000000e+04
4.200000000000000000e+01
2.903400000000000000e+04
2.960400000000000000e+04
2.977400000000000000e+04
4.710000000000000000e+02
2.950000000000000000e+02
1.860000000000000000e+02
2.942100000000000000e+04
2.979500000000000000e+04
2.937600000000000000e+04
2.894900000000000000e+04
2.988900000000000000e+04
2.965700000000000000e+04
2.978100000000000000e+04
2.914100000000000000e+04
2.984200000000000000e+04
7.210000000000000000e+02
2.975100000000000000e+04
3.253000000000000000e+03
4.200000000000000000e+01
7.000000000000000000e+00
7.170000000000000000e+02
2.969900000000000000e+04
8.300000000000000000e+01
3.271000000000000000e+03
2.955000000000000000e+04
6.400000000000000000e+01
3.249000000000000000e+03
1.690000000000000000e+02
2.895200000000000000e+04
2.909000000000000000e+04
2.914500000000000000e+04
3.390000000000000000e+02
4.460000000000000000e+02
1.910000000000000000e+02
4.100000000000000000e+01
2.949000000000000000e+04
2.914000000000000000e+04
8.100000000000000000e+02
6.750000000000000000e+02
1.580000000000000000e+02
1.400000000000000000e+01
2.984400000000000000e+04
4.180000000000000000e+02
2.965100000000000000e+04
2.913900000000000000e+04
7.700000000000000000e+02
2.950600000000000000e+04
2.956600000000000000e+04
2.958800000000000000e+04
2.960100000000000000e+04
1.470000000000000000e+02
3.262000000000000000e+03
7.490000000000000000e+02
2.901000000000000000e+04
2.960000000000000000e+02
5.720000000000000000e+02
2.976400000000000000e+04
2.700000000000000000e+01
2.913100000000000000e+04
6.210000000000000000e+02
2.912000000000000000e+04
2.934700000000000000e+04
5.940000000000000000e+02
1.300000000000000000e+02
6.430000000000000000e+02
2.932500000000000000e+04
8.900000000000000000e+01
2.901800000000000000e+04
2.936600000000000000e+04
7.700000000000000000e+01
5.120000000000000000e+02
2.907700000000000000e+04
2.780000000000000000e+02
3.270000000000000000e+02
2.894500000000000000e+04
2.937800000000000000e+04
2.932100000000000000e+04
2.963600000000000000e+04
7.900000000000000000e+02
7.500000000000000000e+01
3.275000000000000000e+03
6.560000000000000000e+02
2.220000000000000000e+02
2.915200000000000000e+04
2.916900000000000000e+04
1.610000000000000000e+02
2.971800000000000000e+04
3.211000000000000000e+03
4.610000000000000000e+02
2.985400000000000000e+04
3.267000000000000000e+03
3.282000000000000000e+03
2.925900000000000000e+04
8.020000000000000000e+02
3.620000000000000000e+02
1.380000000000000000e+02
2.952500000000000000e+04
3.226000000000000000e+03
2.972600000000000000e+04
7.100000000000000000e+02
2.980300000000000000e+04
2.949200000000000000e+04
3.460000000000000000e+02
2.924400000000000000e+04
2.909900000000000000e+04
2.959900000000000000e+04
4.420000000000000000e+02
2.913000000000000000e+04
2.983800000000000000e+04
6.500000000000000000e+01
2.951500000000000000e+04
4.470000000000000000e+02
3.610000000000000000e+02
7.050000000000000000e+02
7.700000000000000000e+01
3.239000000000000000e+03
2.901500000000000000e+04
2.921900000000000000e+04
2.700000000000000000e+01
2.943000000000000000e+04
4.820000000000000000e+02
2.916700000000000000e+04
4.510000000000000000e+02
2.010000000000000000e+02
2.939900000000000000e+04
3.400000000000000000e+01
2.949900000000000000e+04
3.800000000000000000e+01
2.100000000000000000e+01
2.940200000000000000e+04
3.000000000000000000e+00
2.975300000000000000e+04
2.982000000000000000e+04
2.974900000000000000e+04
2.951200000000000000e+04
2.927400000000000000e+04
6.200000000000000000e+01
8.800000000000000000e+01
5.220000000000000000e+02
2.927000000000000000e+04
4.590000000000000000e+02
7.740000000000000000e+02
4.020000000000000000e+02
1.070000000000000000e+02
2.947100000000000000e+04
2.912800000000000000e+04
3.233000000000000000e+03
2.943400000000000000e+04
2.947200000000000000e+04
2.984600000000000000e+04
5.140000000000000000e+02
3.217000000000000000e+03
4.500000000000000000e+01
2.991600000000000000e+04
2.960900000000000000e+04
7.500000000000000000e+02
2.971100000000000000e+04
2.942600000000000000e+04
2.904100000000000000e+04
2.903100000000000000e+04
5.920000000000000000e+02
7.250000000000000000e+02
2.905100000000000000e+04
2.460000000000000000e+02
2.938000000000000000e+04
3.020000000000000000e+02
2.964600000000000000e+04
3.410000000000000000e+02
1.000000000000000000e+01
1.900000000000000000e+01
6.790000000000000000e+02
2.903900000000000000e+04
2.989900000000000000e+04
2.904300000000000000e+04
2.977800000000000000e+04
2.911400000000000000e+04
2.905500000000000000e+04
2.250000000000000000e+02
6.100000000000000000e+01
1.460000000000000000e+02
7.200000000000000000e+01
4.800000000000000000e+01
2.902300000000000000e+04
3.284000000000000000e+03
4.620000000000000000e+02
7.890000000000000000e+02
2.944000000000000000e+04
2.951100000000000000e+04
5.410000000000000000e+02
9.000000000000000000e+01
2.900500000000000000e+04
2.957600000000000000e+04
6.280000000000000000e+02
4.380000000000000000e+02
2.983000000000000000e+04
4.520000000000000000e+02
2.924200000000000000e+04
4.170000000000000000e+02
6.990000000000000000e+02
6.220000000000000000e+02
2.951900000000000000e+04
2.966100000000000000e+04
6.050000000000000000e+02
2.913500000000000000e+04
2.923800000000000000e+04
2.650000000000000000e+02
2.969600000000000000e+04
2.905400000000000000e+04
3.300000000000000000e+03
2.906100000000000000e+04
7.920000000000000000e+02
8.040000000000000000e+02
4.410000000000000000e+02
6.960000000000000000e+02
2.951400000000000000e+04
7.670000000000000000e+02
2.906500000000000000e+04
3.180000000000000000e+02
2.966900000000000000e+04
2.969200000000000000e+04
2.965300000000000000e+04
2.990000000000000000e+02
2.979000000000000000e+04
7.640000000000000000e+02
2.964800000000000000e+04
2.918000000000000000e+04
1.310000000000000000e+02
2.968100000000000000e+04
2.900800000000000000e+04
2.954200000000000000e+04
7.450000000000000000e+02
3.900000000000000000e+01
2.930800000000000000e+04
2.950900000000000000e+04
7.000000000000000000e+02
2.921000000000000000e+04
6.590000000000000000e+02
3.310000000000000000e+02
6.310000000000000000e+02
1.930000000000000000e+02
2.931800000000000000e+04
2.919100000000000000e+04
2.990700000000000000e+04
2.928800000000000000e+04
2.909800000000000000e+04
7.430000000000000000e+02
4.210000000000000000e+02
3.100000000000000000e+01
2.932300000000000000e+04
2.320000000000000000e+02
8.500000000000000000e+01
2.943100000000000000e+04
4.080000000000000000e+02
2.942900000000000000e+04
5.830000000000000000e+02
2.917100000000000000e+04
1.340000000000000000e+02
2.948100000000000000e+04
6.300000000000000000e+01
3.240000000000000000e+02
2.660000000000000000e+02
2.914200000000000000e+04
3.770000000000000000e+02
2.400000000000000000e+02
6.800000000000000000e+01
2.902800000000000000e+04
2.910800000000000000e+04
2.953200000000000000e+04
2.967700000000000000e+04
2.904500000000000000e+04
2.956700000000000000e+04
6.810000000000000000e+02
2.912300000000000000e+04
2.896300000000000000e+04
2.925800000000000000e+04
6.350000000000000000e+02
2.898100000000000000e+04
2.908400000000000000e+04
2.970000000000000000e+02
2.973300000000000000e+04
1.540000000000000000e+02
2.981200000000000000e+04
2.970100000000000000e+04
2.912700000000000000e+04
1.370000000000000000e+02
7.800000000000000000e+01
2.949800000000000000e+04
2.978200000000000000e+04
3.301000000000000000e+03
4.950000000000000000e+02
2.983300000000000000e+04
3.160000000000000000e+02
2.949700000000000000e+04
5.000000000000000000e+01
2.910200000000000000e+04
2.950800000000000000e+04
2.928900000000000000e+04
2.952300000000000000e+04
7.140000000000000000e+02
2.917600000000000000e+04
4.930000000000000000e+02
2.987800000000000000e+04
5.180000000000000000e+02
7.180000000000000000e+02
2.928400000000000000e+04
2.937900000000000000e+04
7.910000000000000000e+02
2.947900000000000000e+04
2.901200000000000000e+04
1.920000000000000000e+02
2.930700000000000000e+04
3.800000000000000000e+01
2.926400000000000000e+04
3.530000000000000000e+02
2.991000000000000000e+04
2.962300000000000000e+04
3.400000000000000000e+02
2.957800000000000000e+04
2.963100000000000000e+04
7.980000000000000000e+02
2.270000000000000000e+02
3.000000000000000000e+01
2.934400000000000000e+04
6.120000000000000000e+02
8.500000000000000000e+01
3.660000000000000000e+02
1.510000000000000000e+02
2.973100000000000000e+04
2.955200000000000000e+04
7.600000000000000000e+01
3.320000000000000000e+02
5.430000000000000000e+02
2.968000000000000000e+04
2.920000000000000000e+04
2.964700000000000000e+04
4.370000000000000000e+02
2.100000000000000000e+01
3.340000000000000000e+02
3.760000000000000000e+02
3.206000000000000000e+03
2.962400000000000000e+04
3.227000000000000000e+03
2.924500000000000000e+04
2.930500000000000000e+04
2.970700000000000000e+04
3.990000000000000000e+02
2.898400000000000000e+04
6.950000000000000000e+02
2.913200000000000000e+04
6.180000000000000000e+02
2.946200000000000000e+04
3.690000000000000000e+02
2.916600000000000000e+04
4.600000000000000000e+02
2.922100000000000000e+04
2.966300000000000000e+04
5.470000000000000000e+02
7.200000000000000000e+02
1.250000000000000000e+02
6.510000000000000000e+02
2.941300000000000000e+04
2.964400000000000000e+04
3.900000000000000000e+01
2.908700000000000000e+04
3.290000000000000000e+02
2.990600000000000000e+04
7.680000000000000000e+02
2.908600000000000000e+04
2.640000000000000000e+02
2.915000000000000000e+04
4.330000000000000000e+02
2.931400000000000000e+04
2.540000000000000000e+02
3.270000000000000000e+03
4.300000000000000000e+01
2.958200000000000000e+04
2.971500000000000000e+04
2.967800000000000000e+04
2.925500000000000000e+04
1.270000000000000000e+02
7.370000000000000000e+02
2.934900000000000000e+04
7.160000000000000000e+02
7.320000000000000000e+02
3.261000000000000000e+03
2.897700000000000000e+04
7.040000000000000000e+02
1.880000000000000000e+02
2.954600000000000000e+04
2.988800000000000000e+04
2.953800000000000000e+04
2.913300000000000000e+04
3.670000000000000000e+02
2.340000000000000000e+02
2.939500000000000000e+04
2.942300000000000000e+04
1.390000000000000000e+02
5.360000000000000000e+02
2.972500000000000000e+04
2.917200000000000000e+04
4.700000000000000000e+01
2.972800000000000000e+04
2.913600000000000000e+04
2.983100000000000000e+04
3.255000000000000000e+03
8.010000000000000000e+02
2.959200000000000000e+04
4.100000000000000000e+02
nan
2.906600000000000000e+04
6.320000000000000000e+02
2.943700000000000000e+04
2.942200000000000000e+04
2.917400000000000000e+04
8.110000000000000000e+02
2.925000000000000000e+04
6.830000000000000000e+02
2.955100000000000000e+04
1.900000000000000000e+02
5.490000000000000000e+02
2.950100000000000000e+04
2.985500000000000000e+04
3.276000000000000000e+03
7.510000000000000000e+02
2.982900000000000000e+04
2.953600000000000000e+04
2.929500000000000000e+04
7.070000000000000000e+02
1.030000000000000000e+02
3.224000000000000000e+03
2.680000000000000000e+02
5.190000000000000000e+02
2.670000000000000000e+02
2.913800000000000000e+04
2.962200000000000000e+04
2.930300000000000000e+04
4.400000000000000000e+01
3.380000000000000000e+02
2.976100000000000000e+04
2.947300000000000000e+04
2.908200000000000000e+04
3.295000000000000000e+03
2.953400000000000000e+04
2.981000000000000000e+04
3.500000000000000000e+01
3.231000000000000000e+03
7.620000000000000000e+02
4.900000000000000000e+01
5.750000000000000000e+02
3.260000000000000000e+02
6.100000000000000000e+01
2.973000000000000000e+04
2.981600000000000000e+04
2.975900000000000000e+04
1.640000000000000000e+02
6.390000000000000000e+02
6.530000000000000000e+02
1.620000000000000000e+02
2.897500000000000000e+04
2.987600000000000000e+04
1.940000000000000000e+02
3.287000000000000000e+03
5.860000000000000000e+02
7.970000000000000000e+02
7.130000000000000000e+02
2.935600000000000000e+04
2.930100000000000000e+04
4.690000000000000000e+02
3.225000000000000000e+03
2.916000000000000000e+04
2.929200000000000000e+04
2.959100000000000000e+04
2.926600000000000000e+04
7.110000000000000000e+02
2.370000000000000000e+02
8.090000000000000000e+02
2.969100000000000000e+04
3.000000000000000000e+02
7.290000000000000000e+02
2.790000000000000000e+02
1.600000000000000000e+01
2.986400000000000000e+04
3.090000000000000000e+02
3.210000000000000000e+02
2.919600000000000000e+04
1.480000000000000000e+02
2.922500000000000000e+04
4.810000000000000000e+02
2.948900000000000000e+04
6.460000000000000000e+02
2.954100000000000000e+04
2.958000000000000000e+04
2.980000000000000000e+02
7.930000000000000000e+02
6.700000000000000000e+01
4.630000000000000000e+02
6.710000000000000000e+02
2.977200000000000000e+04
2.984900000000000000e+04
2.906300000000000000e+04
4.100000000000000000e+01
2.897000000000000000e+04
2.991700000000000000e+04
6.080000000000000000e+02
2.939300000000000000e+04
2.920500000000000000e+04
2.988600000000000000e+04
3.278000000000000000e+03
2.560000000000000000e+02
2.939100000000000000e+04
1.230000000000000000e+02
2.909600000000000000e+04
6.600000000000000000e+01
2.953300000000000000e+04
2.975400000000000000e+04
6.930000000000000000e+02
3.266000000000000000e+03
2.915100000000000000e+04
6.450000000000000000e+02
2.987900000000000000e+04
2.897600000000000000e+04
2.956800000000000000e+04
2.930000000000000000e+04
4.350000000000000000e+02
6.970000000000000000e+02
2.905700000000000000e+04
2.200000000000000000e+01
7.810000000000000000e+02
2.935100000000000000e+04
5.580000000000000000e+02
1.530000000000000000e+02
2.903300000000000000e+04
2.961400000000000000e+04
2.964900000000000000e+04
2.968400000000000000e+04
4.900000000000000000e+01
3.580000000000000000e+02
7.020000000000000000e+02
7.390000000000000000e+02
6.330000000000000000e+02
2.935500000000000000e+04
2.948300000000000000e+04
5.870000000000000000e+02
2.940000000000000000e+02
5.170000000000000000e+02
2.974800000000000000e+04
7.610000000000000000e+02
5.010000000000000000e+02
2.959000000000000000e+04
2.953100000000000000e+04
2.976700000000000000e+04
4.980000000000000000e+02
3.209000000000000000e+03
3.280000000000000000e+03
2.942700000000000000e+04
2.971200000000000000e+04
2.933200000000000000e+04
3.263000000000000000e+03
5.300000000000000000e+02
2.940900000000000000e+04
2.760000000000000000e+02
2.900000000000000000e+01
7.400000000000000000e+01
3.440000000000000000e+02
2.200000000000000000e+01
2.390000000000000000e+02
2.910700000000000000e+04
2.981100000000000000e+04
6.610000000000000000e+02
2.926700000000000000e+04
2.931600000000000000e+04
7.960000000000000000e+02
3.229000000000000000e+03
2.978300000000000000e+04
3.430000000000000000e+02
6.070000000000000000e+02
2.906700000000000000e+04
2.989200000000000000e+04
2.921600000000000000e+04
4.600000000000000000e+01
7.520000000000000000e+02
2.978000000000000000e+04
2.895500000000000000e+04
5.700000000000000000e+01
2.976600000000000000e+04
2.600000000000000000e+01
2.944600000000000000e+04
2.915600000000000000e+04
2.917800000000000000e+04
7.820000000000000000e+02
2.925200000000000000e+04
5.630000000000000000e+02
1.100000000000000000e+01
2.951300000000000000e+04
4.660000000000000000e+02
2.935000000000000000e+04
6.140000000000000000e+02
3.260000000000000000e+03
8.000000000000000000e+02
2.979400000000000000e+04
6.200000000000000000e+02
3.277000000000000000e+03
1.740000000000000000e+02
2.929600000000000000e+04
5.610000000000000000e+02
3.480000000000000000e+02
2.936900000000000000e+04
2.915800000000000000e+04
2.955300000000000000e+04
1.520000000000000000e+02
2.909700000000000000e+04
2.954400000000000000e+04
2.973400000000000000e+04
2.800000000000000000e+02
5.000000000000000000e+00
2.901900000000000000e+04
2.962500000000000000e+04
4.640000000000000000e+02
2.898300000000000000e+04
2.943300000000000000e+04
2.530000000000000000e+02
2.908500000000000000e+04
7.280000000000000000e+02
2.920700000000000000e+04
2.931300000000000000e+04
4.220000000000000000e+02
2.928100000000000000e+04
7.830000000000000000e+02
1.820000000000000000e+02
6.940000000000000000e+02
2.895800000000000000e+04
3.234000000000000000e+03
2.912900000000000000e+04
1.590000000000000000e+02
7.470000000000000000e+02
7.410000000000000000e+02
1.320000000000000000e+02
3.520000000000000000e+02
2.934000000000000000e+04
5.600000000000000000e+01
3.850000000000000000e+02
2.936300000000000000e+04
2.230000000000000000e+02
6.820000000000000000e+02
2.926100000000000000e+04
1.900000000000000000e+01
4.780000000000000000e+02
2.953900000000000000e+04
2.938500000000000000e+04
2.955400000000000000e+04
2.905000000000000000e+04
4.700000000000000000e+02
5.300000000000000000e+01
2.902500000000000000e+04
7.480000000000000000e+02
2.911000000000000000e+04
5.110000000000000000e+02
2.400000000000000000e+01
3.400000000000000000e+01
4.880000000000000000e+02
2.870000000000000000e+02
3.890000000000000000e+02
2.935300000000000000e+04
2.955800000000000000e+04
2.979100000000000000e+04
1.300000000000000000e+01
2.989600000000000000e+04
2.896100000000000000e+04
1.800000000000000000e+02
4.000000000000000000e+01
2.991200000000000000e+04
4.000000000000000000e+00
2.941900000000000000e+04
3.370000000000000000e+02
2.894700000000000000e+04
3.220000000000000000e+02
2.120000000000000000e+02
4.680000000000000000e+02
2.924100000000000000e+04
8.600000000000000000e+01
2.936100000000000000e+04
2.986700000000000000e+04
2.952800000000000000e+04
2.899000000000000000e+04
2.985300000000000000e+04
2.962000000000000000e+04
2.961200000000000000e+04
6.900000000000000000e+02
2.902400000000000000e+04
3.289000000000000000e+03
2.985600000000000000e+04
2.917000000000000000e+04
2.939200000000000000e+04
2.240000000000000000e+02
6.700000000000000000e+02
2.610000000000000000e+02
2.948600000000000000e+04
3.254000000000000000e+03
2.908900000000000000e+04
2.987300000000000000e+04
3.980000000000000000e+02
2.988400000000000000e+04
7.650000000000000000e+02
7.080000000000000000e+02
2.913400000000000000e+04
2.977900000000000000e+04
2.960200000000000000e+04
2.963700000000000000e+04
7.240000000000000000e+02
8.000000000000000000e+00
3.960000000000000000e+02
2.973900000000000000e+04
2.899200000000000000e+04
6.230000000000000000e+02
2.962700000000000000e+04
2.974600000000000000e+04
1.550000000000000000e+02
2.060000000000000000e+02
2.964500000000000000e+04
2.290000000000000000e+02
2.911500000000000000e+04
6.520000000000000000e+02
3.130000000000000000e+02
2.926000000000000000e+04
2.905600000000000000e+04
2.951000000000000000e+04
2.981300000000000000e+04
2.977000000000000000e+04
2.913700000000000000e+04
6.900000000000000000e+01
4.160000000000000000e+02
2.966800000000000000e+04
5.740000000000000000e+02
0.000000000000000000e+00
2.960600000000000000e+04
5.930000000000000000e+02
4.050000000000000000e+02
5.520000000000000000e+02
2.976000000000000000e+04
2.940300000000000000e+04
6.400000000000000000e+02
2.909200000000000000e+04
1.810000000000000000e+02
5.600000000000000000e+02
2.984700000000000000e+04
3.213000000000000000e+03
7.860000000000000000e+02
2.990800000000000000e+04
3.230000000000000000e+02
5.100000000000000000e+02
3.080000000000000000e+02
2.958900000000000000e+04
2.939600000000000000e+04
2.990100000000000000e+04
2.180000000000000000e+02
2.951800000000000000e+04
6.580000000000000000e+02
2.987200000000000000e+04
1.800000000000000000e+01
1.800000000000000000e+01
2.948800000000000000e+04
3.810000000000000000e+02
4.760000000000000000e+02
7.420000000000000000e+02
3.010000000000000000e+02
5.250000000000000000e+02
3.210000000000000000e+03
2.988100000000000000e+04
2.906000000000000000e+04
2.907800000000000000e+04
2.940400000000000000e+04
7.310000000000000000e+02
2.925400000000000000e+04
2.938600000000000000e+04
3.740000000000000000e+02
2.970800000000000000e+04
2.896800000000000000e+04
2.969800000000000000e+04
2.984000000000000000e+04
1.870000000000000000e+02
5.800000000000000000e+01
6.480000000000000000e+02
6.570000000000000000e+02
2.975700000000000000e+04
2.956200000000000000e+04
7.350000000000000000e+02
2.893900000000000000e+04
2.934300000000000000e+04
6.170000000000000000e+02
4.450000000000000000e+02
0.000000000000000000e+00
2.944800000000000000e+04
2.966200000000000000e+04
4.560000000000000000e+02
3.780000000000000000e+02
3.292000000000000000e+03
2.380000000000000000e+02
7.600000000000000000e+01
2.922800000000000000e+04
2.977100000000000000e+04
2.963900000000000000e+04
2.991300000000000000e+04
2.900600000000000000e+04
6.870000000000000000e+02
5.000000000000000000e+02
6.410000000000000000e+02
5.370000000000000000e+02
2.981400000000000000e+04
2.926500000000000000e+04
2.972000000000000000e+04
3.245000000000000000e+03
2.975600000000000000e+04
3.285000000000000000e+03
4.270000000000000000e+02
4.110000000000000000e+02
1.430000000000000000e+02
7.770000000000000000e+02
1.890000000000000000e+02
2.907900000000000000e+04
2.919000000000000000e+04
1.700000000000000000e+02
7.230000000000000000e+02
2.070000000000000000e+02
2.940100000000000000e+04
3.420000000000000000e+02
2.000000000000000000e+01
2.947000000000000000e+04
3.296000000000000000e+03
5.650000000000000000e+02
2.894300000000000000e+04
5.900000000000000000e+01
2.510000000000000000e+02
2.934100000000000000e+04
8.000000000000000000e+00
2.990900000000000000e+04
2.740000000000000000e+02
5.900000000000000000e+01
3.286000000000000000e+03
2.895100000000000000e+04
2.919900000000000000e+04
5.560000000000000000e+02
3.237000000000000000e+03
5.700000000000000000e+02
5.260000000000000000e+02
7.630000000000000000e+02
3.288000000000000000e+03
2.965600000000000000e+04
2.975200000000000000e+04
2.968700000000000000e+04
2.933800000000000000e+04
3.272000000000000000e+03
2.929900000000000000e+04
4.740000000000000000e+02
2.939700000000000000e+04
2.988700000000000000e+04
1.730000000000000000e+02
8.100000000000000000e+01
2.130000000000000000e+02
2.938800000000000000e+04
2.903500000000000000e+04
2.973200000000000000e+04
5.600000000000000000e+01
2.978700000000000000e+04
2.929700000000000000e+04
2.904200000000000000e+04
1.660000000000000000e+02
2.989400000000000000e+04
7.000000000000000000e+01
2.911200000000000000e+04
2.700000000000000000e+02
2.900000000000000000e+01
2.957100000000000000e+04
2.959700000000000000e+04
2.971700000000000000e+04
2.937100000000000000e+04
2.904900000000000000e+04
7.260000000000000000e+02
3.330000000000000000e+02
2.944900000000000000e+04
2.915700000000000000e+04
2.988000000000000000e+04
2.770000000000000000e+02
2.580000000000000000e+02
3.060000000000000000e+02
5.690000000000000000e+02
2.905200000000000000e+04
4.190000000000000000e+02
1.970000000000000000e+02
4.500000000000000000e+01
2.969400000000000000e+04
2.918300000000000000e+04
3.550000000000000000e+02
2.965900000000000000e+04
2.983700000000000000e+04
4.870000000000000000e+02
6.400000000000000000e+01
2.920200000000000000e+04
2.956900000000000000e+04
5.100000000000000000e+01
6.240000000000000000e+02
2.963500000000000000e+04
2.918200000000000000e+04
6.000000000000000000e+00
2.897900000000000000e+04
2.936800000000000000e+04
2.931200000000000000e+04
6.300000000000000000e+02
8.060000000000000000e+02
3.303000000000000000e+03
3.050000000000000000e+02
2.901100000000000000e+04
2.952000000000000000e+04
2.933300000000000000e+04
2.941100000000000000e+04
2.989800000000000000e+04
2.922900000000000000e+04
7.300000000000000000e+01
2.940700000000000000e+04
2.690000000000000000e+02
2.982700000000000000e+04
2.962600000000000000e+04
1.750000000000000000e+02
6.780000000000000000e+02
3.218000000000000000e+03
2.923600000000000000e+04
4.000000000000000000e+02
2.986300000000000000e+04
3.246000000000000000e+03
2.911300000000000000e+04
2.935800000000000000e+04
6.500000000000000000e+02
2.975800000000000000e+04
7.090000000000000000e+02
2.907100000000000000e+04
2.927500000000000000e+04
6.260000000000000000e+02
7.150000000000000000e+02
2.929300000000000000e+04
3.205000000000000000e+03
2.910600000000000000e+04
1.980000000000000000e+02
6.910000000000000000e+02
2.909300000000000000e+04
6.770000000000000000e+02
2.954800000000000000e+04
2.350000000000000000e+02
3.222000000000000000e+03
7.880000000000000000e+02
2.941600000000000000e+04
2.440000000000000000e+02
2.921300000000000000e+04
6.980000000000000000e+02
2.970200000000000000e+04
3.680000000000000000e+02
7.300000000000000000e+01
1.190000000000000000e+02
4.830000000000000000e+02
2.981800000000000000e+04
7.690000000000000000e+02
4.790000000000000000e+02
9.500000000000000000e+01
2.985200000000000000e+04
2.923000000000000000e+04
3.200000000000000000e+01
1.170000000000000000e+02
2.973500000000000000e+04
2.978400000000000000e+04
2.937200000000000000e+04
5.300000000000000000e+01
3.235000000000000000e+03
2.938300000000000000e+04
5.810000000000000000e+02
2.901600000000000000e+04
1.210000000000000000e+02
5.840000000000000000e+02
2.945100000000000000e+04
2.939400000000000000e+04
2.971000000000000000e+04
2.902100000000000000e+04
4.600000000000000000e+01
3.264000000000000000e+03
2.979200000000000000e+04
2.945900000000000000e+04
4.960000000000000000e+02
2.000000000000000000e+00
3.730000000000000000e+02
2.961600000000000000e+04
2.953000000000000000e+04
1.830000000000000000e+02
2.976500000000000000e+04
2.000000000000000000e+02
7.900000000000000000e+01
5.680000000000000000e+02
5.210000000000000000e+02
6.760000000000000000e+02
1.200000000000000000e+02
2.930200000000000000e+04
2.935400000000000000e+04
2.944500000000000000e+04
7.190000000000000000e+02
2.944200000000000000e+04
2.950000000000000000e+04
7.730000000000000000e+02
2.980100000000000000e+04
2.941800000000000000e+04
2.922000000000000000e+04
2.914800000000000000e+04
6.130000000000000000e+02
2.900000000000000000e+04
2.903600000000000000e+04
2.720000000000000000e+02
1.790000000000000000e+02
2.150000000000000000e+02
3.820000000000000000e+02
5.230000000000000000e+02
2.958100000000000000e+04
1.000000000000000000e+00
2.000000000000000000e+01
2.982400000000000000e+04
2.943200000000000000e+04
2.929100000000000000e+04
6.860000000000000000e+02
2.922400000000000000e+04
2.901700000000000000e+04
2.967900000000000000e+04
6.090000000000000000e+02
3.240000000000000000e+03
2.927100000000000000e+04
2.920400000000000000e+04
2.990300000000000000e+04
2.986000000000000000e+04
2.923200000000000000e+04
2.941400000000000000e+04
3.274000000000000000e+03
2.945200000000000000e+04
8.800000000000000000e+01
2.420000000000000000e+02
2.928000000000000000e+04
2.897300000000000000e+04
9.900000000000000000e+01
3.250000000000000000e+03
2.990200000000000000e+04
3.920000000000000000e+02
2.964100000000000000e+04
2.898600000000000000e+04
2.989500000000000000e+04
2.919200000000000000e+04
2.925700000000000000e+04
8.000000000000000000e+01
2.280000000000000000e+02
2.922600000000000000e+04
4.500000000000000000e+02
1.400000000000000000e+02
6.490000000000000000e+02
3.200000000000000000e+01
8.400000000000000000e+01
2.932000000000000000e+04
3.880000000000000000e+02
2.330000000000000000e+02
2.983900000000000000e+04
2.968500000000000000e+04
1.120000000000000000e+02
2.850000000000000000e+02
2.080000000000000000e+02
4.320000000000000000e+02
7.030000000000000000e+02
2.982200000000000000e+04
2.932700000000000000e+04
2.923500000000000000e+04
6.380000000000000000e+02
5.980000000000000000e+02
5.060000000000000000e+02
2.950400000000000000e+04
1.850000000000000000e+02
2.920900000000000000e+04
9.700000000000000000e+01
2.969500000000000000e+04
1.150000000000000000e+02
2.967500000000000000e+04
2.970600000000000000e+04
1.570000000000000000e+02
2.956100000000000000e+04
2.951700000000000000e+04
2.914600000000000000e+04
5.420000000000000000e+02
2.900200000000000000e+04
2.570000000000000000e+02
2.933000000000000000e+04
5.950000000000000000e+02
4.550000000000000000e+02
2.972700000000000000e+04
8.200000000000000000e+01
2.941500000000000000e+04
5.020000000000000000e+02
2.898700000000000000e+04
7.750000000000000000e+02
2.928300000000000000e+04
3.256000000000000000e+03
7.330000000000000000e+02
2.937400000000000000e+04
2.899600000000000000e+04
7.540000000000000000e+02
2.020000000000000000e+02
2.970500000000000000e+04
7.100000000000000000e+01
8.700000000000000000e+01
4.850000000000000000e+02
2.968600000000000000e+04
2.896700000000000000e+04
2.922300000000000000e+04
3.600000000000000000e+01
2.927700000000000000e+04
2.300000000000000000e+01
2.916200000000000000e+04
5.620000000000000000e+02
3.280000000000000000e+02
2.110000000000000000e+02
3.220000000000000000e+03
4.120000000000000000e+02
2.918500000000000000e+04
2.960800000000000000e+04
2.912500000000000000e+04
6.270000000000000000e+02
6.540000000000000000e+02
2.902200000000000000e+04
3.232000000000000000e+03
2.928200000000000000e+04
2.987500000000000000e+04
2.918700000000000000e+04
5.700000000000000000e+01
3.269000000000000000e+03
1.780000000000000000e+02
2.972100000000000000e+04
2.906800000000000000e+04
3.190000000000000000e+02
2.977700000000000000e+04
4.940000000000000000e+02
2.923300000000000000e+04
2.985800000000000000e+04
2.950700000000000000e+04
2.974400000000000000e+04
2.909100000000000000e+04
2.939800000000000000e+04
4.240000000000000000e+02
6.160000000000000000e+02
2.450000000000000000e+02
2.981900000000000000e+04
6.370000000000000000e+02
2.958700000000000000e+04
2.210000000000000000e+02
2.959500000000000000e+04
5.200000000000000000e+01
2.976200000000000000e+04
2.912400000000000000e+04
5.660000000000000000e+02
2.932600000000000000e+04
6.680000000000000000e+02
2.975000000000000000e+04
1.300000000000000000e+01
1.560000000000000000e+02
2.916500000000000000e+04
2.960000000000000000e+04
2.915500000000000000e+04
6.060000000000000000e+02
2.800000000000000000e+01
4.200000000000000000e+02
2.954700000000000000e+04
2.961500000000000000e+04
1.220000000000000000e+02
2.896500000000000000e+04
2.949400000000000000e+04
2.991800000000000000e+04
5.500000000000000000e+01
2.935700000000000000e+04
4.090000000000000000e+02
9.800000000000000000e+01
2.973600000000000000e+04
2.966400000000000000e+04
2.899500000000000000e+04
8.400000000000000000e+01
2.924900000000000000e+04
3.700000000000000000e+01
2.894400000000000000e+04
2.924300000000000000e+04
4.060000000000000000e+02
7.990000000000000000e+02
2.927800000000000000e+04
4.840000000000000000e+02
5.090000000000000000e+02
2.896600000000000000e+04
7.360000000000000000e+02
2.981700000000000000e+04
4.000000000000000000e+00
1.450000000000000000e+02
2.090000000000000000e+02
2.963800000000000000e+04
4.010000000000000000e+02
3.228000000000000000e+03
2.933600000000000000e+04
2.935900000000000000e+04
3.500000000000000000e+02
1.630000000000000000e+02
2.983600000000000000e+04
3.200000000000000000e+02
7.790000000000000000e+02
6.890000000000000000e+02
4.480000000000000000e+02
2.983500000000000000e+04
7.060000000000000000e+02
3.700000000000000000e+02
2.968800000000000000e+04
2.982300000000000000e+04
7.660000000000000000e+02
2.980400000000000000e+04
2.948200000000000000e+04
2.630000000000000000e+02
2.968300000000000000e+04
2.974700000000000000e+04
2.937700000000000000e+04
5.030000000000000000e+02
2.944400000000000000e+04
4.310000000000000000e+02
2.955600000000000000e+04
2.956000000000000000e+04
3.630000000000000000e+02
8.300000000000000000e+01
5.200000000000000000e+01
2.905800000000000000e+04
1.680000000000000000e+02
2.840000000000000000e+02
4.910000000000000000e+02
6.440000000000000000e+02
2.895300000000000000e+04
2.946700000000000000e+04
2.972400000000000000e+04
2.917500000000000000e+04
3.600000000000000000e+01
5.320000000000000000e+02
1.600000000000000000e+01
2.987100000000000000e+04
1.360000000000000000e+02
2.935200000000000000e+04
2.910000000000000000e+04
6.700000000000000000e+01
2.931900000000000000e+04
5.730000000000000000e+02
1.350000000000000000e+02
2.949500000000000000e+04
1.240000000000000000e+02
3.215000000000000000e+03
6.720000000000000000e+02
5.800000000000000000e+01
2.975500000000000000e+04
2.918400000000000000e+04
2.925600000000000000e+04
7.710000000000000000e+02
2.923400000000000000e+04
2.909500000000000000e+04
2.925300000000000000e+04
7.100000000000000000e+01
2.944700000000000000e+04
5.510000000000000000e+02
5.280000000000000000e+02
2.958600000000000000e+04
2.490000000000000000e+02
2.959600000000000000e+04
5.590000000000000000e+02
6.630000000000000000e+02
4.530000000000000000e+02
3.252000000000000000e+03
2.965200000000000000e+04
2.929800000000000000e+04
2.934500000000000000e+04
2.400000000000000000e+01
3.350000000000000000e+02
3.970000000000000000e+02
6.800000000000000000e+02
3.219000000000000000e+03
4.750000000000000000e+02
2.984500000000000000e+04
2.938400000000000000e+04
3.490000000000000000e+02
6.880000000000000000e+02
4.490000000000000000e+02
2.989000000000000000e+04
2.906900000000000000e+04
2.962900000000000000e+04
2.470000000000000000e+02
2.941000000000000000e+04
5.500000000000000000e+02
3.241000000000000000e+03
4.030000000000000000e+02
1.440000000000000000e+02
2.916800000000000000e+04
3.283000000000000000e+03
2.933500000000000000e+04
2.952600000000000000e+04
4.570000000000000000e+02
2.911700000000000000e+04
7.340000000000000000e+02
5.080000000000000000e+02
3.298000000000000000e+03
1.420000000000000000e+02
5.910000000000000000e+02
2.942000000000000000e+04
2.938100000000000000e+04
2.919700000000000000e+04
2.910300000000000000e+04
2.962100000000000000e+04
3.570000000000000000e+02
1.400000000000000000e+01
2.955700000000000000e+04
5.790000000000000000e+02
2.955500000000000000e+04
2.952900000000000000e+04
2.903200000000000000e+04
2.898000000000000000e+04
1.020000000000000000e+02
2.550000000000000000e+02
4.230000000000000000e+02
4.390000000000000000e+02
1.100000000000000000e+02
5.540000000000000000e+02
2.904800000000000000e+04
7.800000000000000000e+01
5.150000000000000000e+02
4.260000000000000000e+02
2.989700000000000000e+04
2.925100000000000000e+04
2.947600000000000000e+04
2.952200000000000000e+04
2.970400000000000000e+04
2.959800000000000000e+04
3.268000000000000000e+03
2.590000000000000000e+02
2.895000000000000000e+04
2.902700000000000000e+04
2.943500000000000000e+04
2.987700000000000000e+04
2.948000000000000000e+04
3.293000000000000000e+03
2.982600000000000000e+04
2.948700000000000000e+04
6.620000000000000000e+02
3.470000000000000000e+02
2.966700000000000000e+04
2.916100000000000000e+04
5.450000000000000000e+02
2.979700000000000000e+04
6.000000000000000000e+00
2.906200000000000000e+04
2.948400000000000000e+04
2.985100000000000000e+04
2.958400000000000000e+04
1.000000000000000000e+00
2.904400000000000000e+04
1.650000000000000000e+02
2.914400000000000000e+04
2.912200000000000000e+04
4.400000000000000000e+01
2.987000000000000000e+04
2.945400000000000000e+04
2.903800000000000000e+04
2.911600000000000000e+04
2.897200000000000000e+04
9.100000000000000000e+01
5.440000000000000000e+02
3.247000000000000000e+03
2.910100000000000000e+04
2.943900000000000000e+04
2.961300000000000000e+04
6.340000000000000000e+02
1.290000000000000000e+02
2.896000000000000000e+04
5.000000000000000000e+01
6.100000000000000000e+02
2.940600000000000000e+04
2.927300000000000000e+04
2.918100000000000000e+04
6.900000000000000000e+01
2.902900000000000000e+04
3.291000000000000000e+03
3.900000000000000000e+02
2.916400000000000000e+04
2.936500000000000000e+04
2.944100000000000000e+04
4.400000000000000000e+02
2.991400000000000000e+04
2.947800000000000000e+04
2.310000000000000000e+02
5.130000000000000000e+02
6.640000000000000000e+02
2.983400000000000000e+04
2.900400000000000000e+04
3.640000000000000000e+02
2.984800000000000000e+04
5.000000000000000000e+00
2.931000000000000000e+04
1.200000000000000000e+01
1.100000000000000000e+01
2.914300000000000000e+04
5.330000000000000000e+02
2.908300000000000000e+04
2.964300000000000000e+04
2.896200000000000000e+04
2.963000000000000000e+04
3.360000000000000000e+02
2.974100000000000000e+04
2.979800000000000000e+04
7.460000000000000000e+02
2.947500000000000000e+04
2.940500000000000000e+04
2.946000000000000000e+04
4.150000000000000000e+02
2.899800000000000000e+04
2.946800000000000000e+04
2.904600000000000000e+04
2.934800000000000000e+04
2.907200000000000000e+04
7.120000000000000000e+02
6.360000000000000000e+02
9.600000000000000000e+01
2.500000000000000000e+01
7.580000000000000000e+02
2.985900000000000000e+04
5.400000000000000000e+01
7.600000000000000000e+02
6.600000000000000000e+02
2.898500000000000000e+04
3.510000000000000000e+02
5.240000000000000000e+02
2.907300000000000000e+04
3.560000000000000000e+02
5.200000000000000000e+02
3.070000000000000000e+02
2.957500000000000000e+04
2.970000000000000000e+04
5.480000000000000000e+02
6.470000000000000000e+02
8.050000000000000000e+02
2.984100000000000000e+04
3.304000000000000000e+03
2.952400000000000000e+04
2.989300000000000000e+04
2.898800000000000000e+04
5.530000000000000000e+02
2.904000000000000000e+04
2.976900000000000000e+04
4.290000000000000000e+02
2.964000000000000000e+04
2.919500000000000000e+04
2.971300000000000000e+04
2.941700000000000000e+04
2.894100000000000000e+04
2.980000000000000000e+04
6.000000000000000000e+02
1.060000000000000000e+02
1.130000000000000000e+02
1.840000000000000000e+02
2.906400000000000000e+04
2.976300000000000000e+04
3.281000000000000000e+03
2.898200000000000000e+04
3.710000000000000000e+02
4.920000000000000000e+02
5.400000000000000000e+01
2.140000000000000000e+02
3.242000000000000000e+03
2.910000000000000000e+02
7.000000000000000000e+00
2.954000000000000000e+04
2.908800000000000000e+04
2.030000000000000000e+02
2.939000000000000000e+04
2.989100000000000000e+04
2.978900000000000000e+04
7.900000000000000000e+01
2.918800000000000000e+04
1.950000000000000000e+02
7.870000000000000000e+02
2.968200000000000000e+04
1.140000000000000000e+02
2.260000000000000000e+02
5.070000000000000000e+02
7.440000000000000000e+02
2.896900000000000000e+04
2.957300000000000000e+04
2.976800000000000000e+04
2.952100000000000000e+04
2.984300000000000000e+04
6.650000000000000000e+02
8.100000000000000000e+01
2.948500000000000000e+04
2.923100000000000000e+04
4.770000000000000000e+02
1.770000000000000000e+02
2.903700000000000000e+04
1.600000000000000000e+02
2.970300000000000000e+04
3.257000000000000000e+03
2.943800000000000000e+04
6.110000000000000000e+02
3.214000000000000000e+03
2.970900000000000000e+04
2.908100000000000000e+04
2.954300000000000000e+04
4.730000000000000000e+02
2.914700000000000000e+04
4.000000000000000000e+01
2.945700000000000000e+04
5.160000000000000000e+02
2.967000000000000000e+04
6.000000000000000000e+01
2.430000000000000000e+02
4.540000000000000000e+02
2.974300000000000000e+04
2.932900000000000000e+04
2.942500000000000000e+04
3.259000000000000000e+03
1.500000000000000000e+01
1.200000000000000000e+01
2.927900000000000000e+04
3.279000000000000000e+03
2.928700000000000000e+04
2.912600000000000000e+04
2.918600000000000000e+04
9.000000000000000000e+00
2.937300000000000000e+04
7.840000000000000000e+02
2.921400000000000000e+04
2.978800000000000000e+04
2.974200000000000000e+04
2.897100000000000000e+04
3.120000000000000000e+02
2.958500000000000000e+04
7.400000000000000000e+01
1.760000000000000000e+02
3.243000000000000000e+03
2.990000000000000000e+04
1.500000000000000000e+01
2.971600000000000000e+04
2.931500000000000000e+04
2.903000000000000000e+04
2.899900000000000000e+04
3.800000000000000000e+02
1.040000000000000000e+02
9.200000000000000000e+01
6.730000000000000000e+02
3.860000000000000000e+02
2.926800000000000000e+04
2.953700000000000000e+04
2.958300000000000000e+04
2.982500000000000000e+04
2.915300000000000000e+04
2.957200000000000000e+04
2.915900000000000000e+04
5.390000000000000000e+02
